1 0.40625 0.4855769230769231 0.016826923076923076 0.028846153846153848
1 0.35336538461538464 0.5072115384615384 0.020432692307692308 0.028846153846153848
1 0.3401442307692308 0.5432692307692307 0.018028846153846152 0.03125
1 0.2980769230769231 0.5516826923076923 0.020432692307692308 0.028846153846153848
1 0.4483173076923077 0.5973557692307693 0.02283653846153846 0.020432692307692308
1 0.5504807692307693 0.6213942307692307 0.020432692307692308 0.02403846153846154
1 0.6346153846153846 0.5721153846153846 0.019230769230769232 0.020432692307692308
1 0.6346153846153846 0.5877403846153846 0.013221153846153846 0.015625
1 0.703125 0.5216346153846154 0.013221153846153846 0.02283653846153846
1 0.6935096153846154 0.515625 0.013221153846153846 0.019230769230769232
1 0.39903846153846156 0.34375 0.016826923076923076 0.021634615384615384
0 0.5096153846153846 0.375 0.25600961538461536 0.21754807692307693
0 0.6586538461538461 0.390625 0.38822115384615385 0.11658653846153846
0 0.5769230769230769 0.5384615384615384 0.07091346153846154 0.2548076923076923
0 0.3425480769230769 0.4074519230769231 0.125 0.09975961538461539
0 0.27163461538461536 0.46153846153846156 0.0673076923076923 0.15264423076923078
0 0.24519230769230768 0.43028846153846156 0.19831730769230768 0.14302884615384615
0 0.32211538461538464 0.5396634615384616 0.078125 0.17307692307692307
0 0.33052884615384615 0.47475961538461536 0.26802884615384615 0.4879807692307692