1 0.6586538461538461 0.3449519230769231 0.03245192307692308 0.037259615384615384
1 0.7415865384615384 0.47475961538461536 0.02403846153846154 0.03245192307692308
1 0.7572115384615384 0.5084134615384616 0.02283653846153846 0.040865384615384616
1 0.6971153846153846 0.546875 0.021634615384615384 0.03485576923076923
1 0.6790865384615384 0.5516826923076923 0.016826923076923076 0.021634615384615384
1 0.5757211538461539 0.5336538461538461 0.020432692307692308 0.03125
1 0.6778846153846154 0.37259615384615385 0.016826923076923076 0.02403846153846154
1 0.6935096153846154 0.37259615384615385 0.013221153846153846 0.020432692307692308
1 0.484375 0.546875 0.021634615384615384 0.02283653846153846
1 0.375 0.4579326923076923 0.025240384615384616 0.027644230769230768
1 0.28846153846153844 0.6081730769230769 0.028846153846153848 0.042067307692307696
1 0.21394230769230768 0.5552884615384616 0.018028846153846152 0.026442307692307692
1 0.20793269230769232 0.5805288461538461 0.015625 0.025240384615384616
0 0.31009615384615385 0.5625 0.0673076923076923 0.1778846153846154
0 0.24158653846153846 0.3858173076923077 0.15745192307692307 0.20432692307692307
0 0.33533653846153844 0.4987980769230769 0.3942307692307692 0.4879807692307692
0 0.45913461538461536 0.4182692307692308 0.10817307692307693 0.328125
0 0.3629807692307692 0.27283653846153844 0.09375 0.10216346153846154
0 0.5432692307692307 0.4423076923076923 0.21754807692307693 0.08774038461538461
0 0.6574519230769231 0.515625 0.171875 0.23918269230769232
0 0.5925480769230769 0.3894230769230769 0.21754807692307693 0.36658653846153844