1 0.04807692307692308 0.4987980769230769 0.030048076923076924 0.038461538461538464
1 0.3786057692307692 0.2439903846153846 0.026442307692307692 0.04326923076923077
1 0.2704326923076923 0.2668269230769231 0.039663461538461536 0.04927884615384615
1 0.5889423076923077 0.32091346153846156 0.02403846153846154 0.028846153846153848
1 0.609375 0.35697115384615385 0.01201923076923077 0.02403846153846154
1 0.5925480769230769 0.3545673076923077 0.015625 0.02283653846153846
1 0.6622596153846154 0.3894230769230769 0.016826923076923076 0.02283653846153846
1 0.6790865384615384 0.39783653846153844 0.013221153846153846 0.027644230769230768
1 0.6442307692307693 0.09495192307692307 0.021634615384615384 0.021634615384615384
1 0.6838942307692307 0.11177884615384616 0.018028846153846152 0.02403846153846154
1 0.703125 0.09495192307692307 0.019230769230769232 0.02283653846153846
1 0.13581730769230768 0.5564903846153846 0.02403846153846154 0.030048076923076924
1 0.13581730769230768 0.5853365384615384 0.019230769230769232 0.02403846153846154
1 0.14182692307692307 0.6045673076923077 0.016826923076923076 0.02283653846153846
0 0.3798076923076923 0.7415865384615384 0.19471153846153846 0.13701923076923078
0 0.3942307692307692 0.5420673076923077 0.21153846153846154 0.24278846153846154
0 0.38341346153846156 0.4807692307692308 0.18028846153846154 0.39783653846153844
0 0.7331730769230769 0.6346153846153846 0.3858173076923077 0.5300480769230769
0 0.5625 0.2920673076923077 0.15985576923076922 0.23918269230769232
0 0.47716346153846156 0.2800480769230769 0.12620192307692307 0.36658653846153844
0 0.30288461538461536 0.3473557692307692 0.3173076923076923 0.609375