0 0.3798076923076923 0.19471153846153846 0.15264423076923078 0.3485576923076923
0 0.42427884615384615 0.2548076923076923 0.17427884615384615 0.265625
0 0.5504807692307693 0.27283653846153844 0.15865384615384615 0.22235576923076922
0 0.6682692307692307 0.42908653846153844 0.3798076923076923 0.359375
1 0.33052884615384615 0.47836538461538464 0.026442307692307692 0.038461538461538464
1 0.5913461538461539 0.44350961538461536 0.03365384615384615 0.028846153846153848
1 0.9507211538461539 0.44350961538461536 0.030048076923076924 0.03125
1 0.8473557692307693 0.5745192307692307 0.028846153846153848 0.03485576923076923
1 0.20432692307692307 0.5360576923076923 0.019230769230769232 0.039663461538461536
1 0.22716346153846154 0.5384615384615384 0.021634615384615384 0.03245192307692308
0 0.3161057692307692 0.5793269230769231 0.1045673076923077 0.24759615384615385
0 0.3473557692307692 0.5228365384615384 0.43509615384615385 0.4411057692307692
0 0.7752403846153846 0.5396634615384616 0.1141826923076923 0.2283653846153846