1 0.39783653846153844 0.2283653846153846 0.03485576923076923 0.04807692307692308
1 0.30288461538461536 0.24879807692307693 0.037259615384615384 0.04326923076923077
1 0.7055288461538461 0.3894230769230769 0.019230769230769232 0.027644230769230768
1 0.6875 0.375 0.026442307692307692 0.04447115384615385
1 0.18990384615384615 0.5661057692307693 0.03365384615384615 0.03245192307692308
1 0.17668269230769232 0.5396634615384616 0.036057692307692304 0.014423076923076924
1 0.1778846153846154 0.515625 0.036057692307692304 0.03245192307692308
1 0.09495192307692307 0.4567307692307692 0.03365384615384615 0.040865384615384616
1 0.036057692307692304 0.6021634615384616 0.021634615384615384 0.03125
1 0.014423076923076924 0.609375 0.014423076923076924 0.036057692307692304
0 0.27163461538461536 0.33052884615384615 0.203125 0.6322115384615384
0 0.44471153846153844 0.47596153846153844 0.11899038461538461 0.359375
0 0.4230769230769231 0.6610576923076923 0.28966346153846156 0.13701923076923078
0 0.6730769230769231 0.5552884615384616 0.2668269230769231 0.6634615384615384
0 0.5048076923076923 0.23076923076923078 0.23197115384615385 0.33413461538461536