0 0.3786057692307692 0.19831730769230768 0.21033653846153846 0.359375
0 0.4387019230769231 0.21754807692307693 0.1310096153846154 0.25841346153846156
0 0.46153846153846156 0.21875 0.19230769230769232 0.1502403846153846
0 0.5372596153846154 0.29927884615384615 0.18028846153846154 0.25240384615384615
1 0.5612980769230769 0.4387019230769231 0.03485576923076923 0.03485576923076923
1 0.3016826923076923 0.4699519230769231 0.037259615384615384 0.05048076923076923
1 0.20072115384615385 0.5252403846153846 0.026442307692307692 0.037259615384615384
1 0.1778846153846154 0.5144230769230769 0.021634615384615384 0.04567307692307692
1 0.9122596153846154 0.4326923076923077 0.038461538461538464 0.038461538461538464
1 0.8076923076923077 0.5637019230769231 0.039663461538461536 0.04807692307692308
0 0.7728365384615384 0.5372596153846154 0.06129807692307692 0.2512019230769231
0 0.6658653846153846 0.47716346153846156 0.4362980769230769 0.35336538461538464
0 0.2920673076923077 0.5360576923076923 0.1346153846153846 0.2920673076923077
0 0.34615384615384615 0.46875 0.46033653846153844 0.3605769230769231
1 0.8221153846153846 0.5997596153846154 0.019230769230769232 0.014423076923076924
1 0.8137019230769231 0.6177884615384616 0.020432692307692308 0.02283653846153846
1 0.8497596153846154 0.6490384615384616 0.018028846153846152 0.028846153846153848
1 0.8401442307692307 0.6658653846153846 0.01201923076923077 0.02403846153846154