1 0.27884615384615385 0.5709134615384616 0.021634615384615384 0.03125
1 0.29927884615384615 0.5853365384615384 0.016826923076923076 0.028846153846153848
1 0.4855769230769231 0.6033653846153846 0.015625 0.03125
1 0.47115384615384615 0.5985576923076923 0.014423076923076924 0.02283653846153846
1 0.4675480769230769 0.6213942307692307 0.01201923076923077 0.021634615384615384
1 0.7680288461538461 0.5228365384615384 0.03365384615384615 0.027644230769230768
1 0.9326923076923077 0.6201923076923077 0.020432692307692308 0.02403846153846154
1 0.9423076923076923 0.6454326923076923 0.015625 0.020432692307692308
1 0.9350961538461539 0.6622596153846154 0.014423076923076924 0.018028846153846152
1 0.9471153846153846 0.7355769230769231 0.014423076923076924 0.025240384615384616
1 0.9639423076923077 0.734375 0.019230769230769232 0.021634615384615384
0 0.4050480769230769 0.7175480769230769 0.22235576923076922 0.1466346153846154
0 0.5432692307692307 0.24158653846153846 0.19591346153846154 0.24759615384615385
0 0.390625 0.38341346153846156 0.12259615384615384 0.33052884615384615
0 0.40865384615384615 0.18629807692307693 0.11658653846153846 0.37259615384615385
0 0.7367788461538461 0.4891826923076923 0.33653846153846156 0.3641826923076923
0 0.47836538461538464 0.5588942307692307 0.3701923076923077 0.5588942307692307