0 0.4074519230769231 0.5865384615384616 0 0.001201923076923077
0 0.4963942307692308 0.44471153846153844 0.16346153846153846 0.22956730769230768
0 0.3786057692307692 0.4110576923076923 0.24879807692307693 0.14543269230769232
0 0.1502403846153846 0.28725961538461536 0.29086538461538464 0.18629807692307693
0 0.26322115384615385 0.2403846153846154 0.5264423076923077 0.20192307692307693
0 0.11778846153846154 0.057692307692307696 0.234375 0.11538461538461539
0 0.5132211538461539 0.06129807692307692 0.5072115384615384 0.12259615384615384
1 0.24759615384615385 0.03125 0.016826923076923076 0.036057692307692304
1 0.6418269230769231 0.18028846153846154 0.021634615384615384 0.03245192307692308
1 0.6069711538461539 0.34615384615384615 0.015625 0.037259615384615384
1 0.5913461538461539 0.33413461538461536 0.014423076923076924 0.03485576923076923