1 0.2283653846153846 0.6129807692307693 0.037259615384615384 0.057692307692307696
1 0.2608173076923077 0.6899038461538461 0.025240384615384616 0.036057692307692304
1 0.22115384615384615 0.6971153846153846 0.025240384615384616 0.046875
1 0.9038461538461539 0.4807692307692308 0.052884615384615384 0.056490384615384616
1 0.8305288461538461 0.453125 0.03485576923076923 0.042067307692307696
0 0.37740384615384615 0.59375 0.12740384615384615 0.2247596153846154
0 0.5264423076923077 0.7139423076923077 0.5552884615384616 0.17307692307692307
0 0.5757211538461539 0.5036057692307693 0.2512019230769231 0.21875
0 0.5588942307692307 0.3245192307692308 0.3245192307692308 0.3245192307692308
0 0.6346153846153846 0.28966346153846156 0.21033653846153846 0.2776442307692308
0 0.7415865384615384 0.2776442307692308 0.2247596153846154 0.2247596153846154
0 0.6814903846153846 0.4891826923076923 0.2824519230769231 0.3629807692307692