1 0.6646634615384616 0.3581730769230769 0.026442307692307692 0.037259615384615384
1 0.6935096153846154 0.3870192307692308 0.021634615384615384 0.02283653846153846
1 0.6802884615384616 0.4050480769230769 0.016826923076923076 0.028846153846153848
1 0.75 0.49038461538461536 0.01201923076923077 0.019230769230769232
1 0.7560096153846154 0.5120192307692307 0.019230769230769232 0.021634615384615384
1 0.6971153846153846 0.5516826923076923 0.019230769230769232 0.030048076923076924
1 0.6826923076923077 0.5673076923076923 0.014423076923076924 0.026442307692307692
1 0.578125 0.5588942307692307 0.030048076923076924 0.028846153846153848
1 0.47475961538461536 0.5600961538461539 0.03245192307692308 0.040865384615384616
1 0.3016826923076923 0.6009615384615384 0.021634615384615384 0.036057692307692304
1 0.3858173076923077 0.44591346153846156 0.016826923076923076 0.02283653846153846
1 0.22355769230769232 0.5793269230769231 0.021634615384615384 0.021634615384615384
1 0.2283653846153846 0.5540865384615384 0.02403846153846154 0.026442307692307692
0 0.35336538461538464 0.2824519230769231 0.13701923076923078 0.09375
0 0.6790865384615384 0.46875 0.20673076923076922 0.24278846153846154
0 0.49399038461538464 0.4098557692307692 0.14182692307692307 0.13942307692307693
0 0.4519230769230769 0.3942307692307692 0.12379807692307693 0.26322115384615385
0 0.3125 0.5697115384615384 0.05889423076923077 0.17548076923076922
0 0.2403846153846154 0.40024038461538464 0.15504807692307693 0.21514423076923078
0 0.34615384615384615 0.4951923076923077 0.3798076923076923 0.453125
0 0.6033653846153846 0.40384615384615385 0.2283653846153846 0.36899038461538464