1 0.5961538461538461 0.40024038461538464 0.030048076923076924 0.05048076923076923
1 0.4338942307692308 0.33533653846153844 0.027644230769230768 0.028846153846153848
1 0.5552884615384616 0.4326923076923077 0.018028846153846152 0.027644230769230768
1 0.5324519230769231 0.43028846153846156 0.016826923076923076 0.02403846153846154
1 0.5444711538461539 0.4411057692307692 0.008413461538461538 0.016826923076923076
1 0.484375 0.41947115384615385 0.01201923076923077 0.015625
1 0.5216346153846154 0.515625 0.014423076923076924 0.021634615384615384
1 0.4987980769230769 0.484375 0.01201923076923077 0.02283653846153846
1 0.48677884615384615 0.4807692307692308 0.010817307692307692 0.01201923076923077
1 0.48677884615384615 0.49759615384615385 0.013221153846153846 0.015625
1 0.47836538461538464 0.484375 0.010817307692307692 0.016826923076923076
1 0.4795673076923077 0.5084134615384616 0.009615384615384616 0.010817307692307692
1 0.4699519230769231 0.49759615384615385 0.009615384615384616 0.01201923076923077
1 0.4170673076923077 0.5324519230769231 0.01201923076923077 0.016826923076923076
1 0.421875 0.5540865384615384 0.01201923076923077 0.018028846153846152
1 0.3701923076923077 0.5252403846153846 0.018028846153846152 0.02283653846153846
1 0.48197115384615385 0.4375 0.01201923076923077 0.021634615384615384
0 0.20552884615384615 0.3701923076923077 0.15865384615384615 0.21153846153846154
0 0.6550480769230769 0.5516826923076923 0.16105769230769232 0.17067307692307693
0 0.6610576923076923 0.35096153846153844 0.2668269230769231 0.09014423076923077
0 0.7439903846153846 0.5060096153846154 0.25961538461538464 0.2920673076923077
0 0.44471153846153844 0.5829326923076923 0.23317307692307693 0.07572115384615384
0 0.3737980769230769 0.48197115384615385 0.14543269230769232 0.07572115384615384
0 0.2980769230769231 0.5180288461538461 0.109375 0.17067307692307693
0 0.35697115384615385 0.41225961538461536 0.3473557692307692 0.32211538461538464
0 0.3389423076923077 0.2283653846153846 0.34134615384615385 0.18389423076923078
0 0.6682692307692307 0.20552884615384615 0.2644230769230769 0.13581730769230768