1 0.5096153846153846 0.44350961538461536 0.019230769230769232 0.028846153846153848
1 0.640625 0.23557692307692307 0.036057692307692304 0.051682692307692304
1 0.6826923076923077 0.2548076923076923 0.020432692307692308 0.015625
1 0.6838942307692307 0.22956730769230768 0.021634615384615384 0.03365384615384615
1 0.7403846153846154 0.4735576923076923 0.013221153846153846 0.02403846153846154
1 0.7548076923076923 0.46274038461538464 0.014423076923076924 0.016826923076923076
1 0.33653846153846156 0.828125 0.021634615384615384 0.040865384615384616
1 0.3004807692307692 0.7944711538461539 0.026442307692307692 0.036057692307692304
1 0.3161057692307692 0.8221153846153846 0.016826923076923076 0.026442307692307692
1 0.14543269230769232 0.8112980769230769 0.018028846153846152 0.028846153846153848
1 0.20673076923076922 0.8461538461538461 0.030048076923076924 0.030048076923076924
1 0.1622596153846154 0.8798076923076923 0.026442307692307692 0.04326923076923077
0 0.36778846153846156 0.6382211538461539 0.4411057692307692 0.42427884615384615
0 0.2932692307692308 0.5973557692307693 0.10697115384615384 0.203125
0 0.22115384615384615 0.53125 0.21754807692307693 0.1622596153846154
0 0.7307692307692307 0.5721153846153846 0.06129807692307692 0.23918269230769232
0 0.5180288461538461 0.4879807692307692 0.4098557692307692 0.17427884615384615
0 0.38341346153846156 0.37259615384615385 0.3112980769230769 0.13581730769230768
0 0.53125 0.33052884615384615 0.2283653846153846 0.140625