1 0.10096153846153846 0.4375 0.03245192307692308 0.04567307692307692
1 0.3016826923076923 0.25721153846153844 0.030048076923076924 0.038461538461538464
1 0.6742788461538461 0.09134615384615384 0.03365384615384615 0.042067307692307696
1 0.7283653846153846 0.09134615384615384 0.020432692307692308 0.039663461538461536
1 0.7103365384615384 0.11057692307692307 0.009615384615384616 0.038461538461538464
1 0.6766826923076923 0.3894230769230769 0.021634615384615384 0.03245192307692308
1 0.7067307692307693 0.39903846153846156 0.037259615384615384 0.036057692307692304
1 0.18990384615384615 0.5012019230769231 0.028846153846153848 0.03125
1 0.1935096153846154 0.5228365384615384 0.025240384615384616 0.02403846153846154
1 0.23798076923076922 0.5757211538461539 0.001201923076923077 0
1 0.19951923076923078 0.5396634615384616 0.037259615384615384 0.018028846153846152
1 0.39783653846153844 0.23918269230769232 0.026442307692307692 0.046875
1 0.04927884615384615 0.5889423076923077 0.03245192307692308 0.04807692307692308
1 0.02403846153846154 0.5913461538461539 0.02283653846153846 0.03245192307692308
0 0.12620192307692307 0.7824519230769231 0.12259615384615384 0.20432692307692307
0 0.5841346153846154 0.5805288461538461 0.19471153846153846 0.24278846153846154
0 0.4326923076923077 0.4266826923076923 0.08533653846153846 0.359375
0 0.375 0.45552884615384615 0.10697115384615384 0.23076923076923078
0 0.25240384615384615 0.40024038461538464 0.28966346153846156 0.6129807692307693
0 0.46033653846153844 0.3112980769230769 0.21995192307692307 0.3485576923076923
0 0.5168269230769231 0.21394230769230768 0.20072115384615385 0.20793269230769232
0 0.6454326923076923 0.4675480769230769 0.203125 0.7199519230769231