1 0.2980769230769231 0.2668269230769231 0.04807692307692308 0.04927884615384615
1 0.6706730769230769 0.10697115384615384 0.037259615384615384 0.039663461538461536
1 0.09254807692307693 0.4423076923076923 0.020432692307692308 0.03245192307692308
1 0.7199519230769231 0.10697115384615384 0.016826923076923076 0.021634615384615384
1 0.7091346153846154 0.11778846153846154 0.013221153846153846 0.016826923076923076
1 0.18389423076923078 0.5036057692307693 0.021634615384615384 0.020432692307692308
1 0.1875 0.5228365384615384 0.016826923076923076 0.02403846153846154
1 0.1935096153846154 0.5432692307692307 0.016826923076923076 0.02283653846153846
1 0.038461538461538464 0.5901442307692307 0.018028846153846152 0.027644230769230768
1 0.021634615384615384 0.5997596153846154 0.019230769230769232 0.02403846153846154
0 0.12860576923076922 0.7932692307692307 0.10697115384615384 0.21394230769230768
0 0.5625 0.31490384615384615 0.09495192307692307 0.34975961538461536
0 0.6117788461538461 0.49038461538461536 0.18389423076923078 0.265625
0 0.42788461538461536 0.2247596153846154 0.2860576923076923 0.14903846153846154
0 0.44471153846153844 0.4170673076923077 0.1045673076923077 0.31490384615384615
0 0.3641826923076923 0.38100961538461536 0.09014423076923077 0.26802884615384615
0 0.25 0.38341346153846156 0.4110576923076923 0.5084134615384616