1 0.6526442307692307 0.20432692307692307 0.020432692307692308 0.025240384615384616
1 0.6911057692307693 0.18269230769230768 0.016826923076923076 0.018028846153846152
1 0.6899038461538461 0.20072115384615385 0.015625 0.019230769230769232
1 0.6730769230769231 0.4074519230769231 0.015625 0.021634615384615384
1 0.7596153846153846 0.4230769230769231 0.014423076923076924 0.018028846153846152
1 0.7475961538461539 0.43028846153846156 0.01201923076923077 0.018028846153846152
1 0.6923076923076923 0.42427884615384615 0.01201923076923077 0.02403846153846154
1 0.6802884615384616 0.43509615384615385 0.010817307692307692 0.021634615384615384
1 0.29086538461538464 0.16105769230769232 0.03125 0.028846153846153848
1 0.30649038461538464 0.7644230769230769 0.02283653846153846 0.027644230769230768
1 0.31490384615384615 0.7836538461538461 0.01201923076923077 0.018028846153846152
1 0.328125 0.7896634615384616 0.013221153846153846 0.020432692307692308
1 0.19951923076923078 0.8365384615384616 0.021634615384615384 0.03125
0 0.46634615384615385 0.640625 0.4050480769230769 0.35336538461538464
0 0.27884615384615385 0.625 0.10697115384615384 0.25961538461538464
0 0.7019230769230769 0.33774038461538464 0.14302884615384615 0.20192307692307693
0 0.5480769230769231 0.5024038461538461 0.3545673076923077 0.33653846153846156
0 0.36177884615384615 0.4651442307692308 0.18389423076923078 0.18629807692307693
0 0.39783653846153844 0.4050480769230769 0.19110576923076922 0.27884615384615385
0 0.5024038461538461 0.38100961538461536 0.18629807692307693 0.109375
0 0.4639423076923077 0.29927884615384615 0.21153846153846154 0.14543269230769232
1 0.14783653846153846 0.7752403846153846 0.030048076923076924 0.038461538461538464
1 0.16466346153846154 0.8665865384615384 0.038461538461538464 0.03245192307692308