1 0.40384615384615385 0.6177884615384616 0.020432692307692308 0.019230769230769232
1 0.41466346153846156 0.640625 0.018028846153846152 0.02403846153846154
1 0.42788461538461536 0.6598557692307693 0.025240384615384616 0.02403846153846154
1 0.19591346153846154 0.5637019230769231 0.052884615384615384 0.056490384615384616
1 0.23918269230769232 0.6730769230769231 0.03245192307692308 0.039663461538461536
1 0.19831730769230768 0.6875 0.03125 0.04326923076923077
0 0.4074519230769231 0.6225961538461539 0.21394230769230768 0.12980769230769232
0 0.8930288461538461 0.4807692307692308 0.2091346153846154 0.1875
0 0.8725961538461539 0.39663461538461536 0.17548076923076922 0.2668269230769231
0 0.5997596153846154 0.23557692307692307 0.32572115384615385 0.46033653846153844
0 0.7295673076923077 0.17307692307692307 0.15144230769230768 0.24519230769230768
0 0.8221153846153846 0.15384615384615385 0.30288461538461536 0.3076923076923077
0 0.8581730769230769 0.65625 0.27884615384615385 0.40384615384615385