1 0.296875 0.2536057692307692 0.028846153846153848 0.039663461538461536
1 0.6694711538461539 0.07932692307692307 0.039663461538461536 0.039663461538461536
1 0.3942307692307692 0.22596153846153846 0.03245192307692308 0.036057692307692304
1 0.08774038461538461 0.43149038461538464 0.051682692307692304 0.054086538461538464
1 0.6995192307692307 0.3894230769230769 0.025240384615384616 0.038461538461538464
1 0.6730769230769231 0.36778846153846156 0.03365384615384615 0.03485576923076923
1 0.036057692307692304 0.5865384615384616 0.019230769230769232 0.030048076923076924
1 0.01201923076923077 0.5985576923076923 0.02283653846153846 0.03365384615384615
1 0.17908653846153846 0.5036057692307693 0.027644230769230768 0.020432692307692308
1 0.17908653846153846 0.5240384615384616 0.021634615384615384 0.016826923076923076
1 0.1875 0.546875 0.018028846153846152 0.021634615384615384
0 0.12379807692307693 0.7752403846153846 0.11778846153846154 0.1658653846153846
0 0.4831730769230769 0.6310096153846154 0.25 0.22716346153846154
0 0.3329326923076923 0.5492788461538461 0.15264423076923078 0.2668269230769231
0 0.4375 0.46634615384615385 0.1201923076923077 0.41586538461538464
0 0.33052884615384615 0.2127403846153846 0.1875 0.2548076923076923
0 0.4795673076923077 0.2956730769230769 0.2283653846153846 0.38822115384615385
0 0.24759615384615385 0.38341346153846156 0.2247596153846154 0.5985576923076923
0 0.6598557692307693 0.5288461538461539 0.24278846153846154 0.7055288461538461