1 0.31971153846153844 0.6021634615384616 0.039663461538461536 0.02403846153846154
1 0.3545673076923077 0.6875 0.025240384615384616 0.028846153846153848
1 0.32091346153846156 0.6911057692307693 0.015625 0.038461538461538464
1 0.4963942307692308 0.6923076923076923 0.014423076923076924 0.040865384615384616
1 0.47716346153846156 0.6550480769230769 0.009615384615384616 0.013221153846153846
1 0.484375 0.6766826923076923 0.01201923076923077 0.019230769230769232
1 0.9242788461538461 0.44711538461538464 0.030048076923076924 0.02403846153846154
1 0.9483173076923077 0.22956730769230768 0.03365384615384615 0.027644230769230768
1 0.9867788461538461 0.25 0.018028846153846152 0.020432692307692308
1 0.9483173076923077 0.47596153846153844 0.02283653846153846 0.027644230769230768
0 0.8064903846153846 0.23798076923076922 0.18028846153846154 0.15865384615384615
0 0.8894230769230769 0.33774038461538464 0.1141826923076923 0.17307692307692307
0 0.6971153846153846 0.2620192307692308 0.22355769230769232 0.21995192307692307
0 0.6141826923076923 0.33653846153846156 0.27524038461538464 0.296875
0 0.6622596153846154 0.5769230769230769 0.23918269230769232 0.140625
0 0.796875 0.46634615384615385 0.18389423076923078 0.4495192307692308
0 0.6646634615384616 0.7295673076923077 0.5228365384615384 0.18870192307692307
0 0.4170673076923077 0.5661057692307693 0.11899038461538461 0.24158653846153846