1 0.2980769230769231 0.26322115384615385 0.03365384615384615 0.05048076923076923
1 0.6754807692307693 0.0829326923076923 0.037259615384615384 0.03485576923076923
1 0.39783653846153844 0.23197115384615385 0.025240384615384616 0.025240384615384616
1 0.09134615384615384 0.4326923076923077 0.046875 0.06490384615384616
1 0.04326923076923077 0.5865384615384616 0.03245192307692308 0.038461538461538464
1 0.015625 0.5973557692307693 0.030048076923076924 0.03485576923076923
1 0.18870192307692307 0.4963942307692308 0.042067307692307696 0.028846153846153848
1 0.18389423076923078 0.5204326923076923 0.026442307692307692 0.019230769230769232
1 0.1971153846153846 0.5420673076923077 0.025240384615384616 0.02403846153846154
1 0.6814903846153846 0.38341346153846156 0.015625 0.020432692307692308
1 0.6983173076923077 0.390625 0.019230769230769232 0.021634615384615384
1 0.7247596153846154 0.09375 0.019230769230769232 0.02283653846153846
1 0.7115384615384616 0.10096153846153846 0.01201923076923077 0.018028846153846152
0 0.5637019230769231 0.5829326923076923 0.19831730769230768 0.3161057692307692
0 0.44471153846153844 0.42788461538461536 0.08173076923076923 0.3317307692307692
0 0.36899038461538464 0.49158653846153844 0.09975961538461539 0.24879807692307693
0 0.4519230769230769 0.15745192307692307 0.25 0.11538461538461539
0 0.6850961538461539 0.5180288461538461 0.21875 0.7632211538461539
0 0.4723557692307692 0.3137019230769231 0.25 0.3293269230769231
0 0.25961538461538464 0.3870192307692308 0.25841346153846156 0.6358173076923077
0 0.15504807692307693 0.7824519230769231 0.20432692307692307 0.234375