1 0.3858173076923077 0.2403846153846154 0.039663461538461536 0.04927884615384615
1 0.6514423076923077 0.09134615384615384 0.042067307692307696 0.039663461538461536
1 0.7115384615384616 0.0985576923076923 0.021634615384615384 0.030048076923076924
1 0.6935096153846154 0.11057692307692307 0.015625 0.028846153846153848
1 0.5985576923076923 0.32091346153846156 0.03245192307692308 0.027644230769230768
1 0.6045673076923077 0.3485576923076923 0.020432692307692308 0.027644230769230768
1 0.6225961538461539 0.35096153846153844 0.018028846153846152 0.02403846153846154
1 0.6730769230769231 0.38822115384615385 0.016826923076923076 0.03125
1 0.6887019230769231 0.39302884615384615 0.018028846153846152 0.027644230769230768
1 0.06850961538461539 0.4831730769230769 0.03485576923076923 0.037259615384615384
1 0.009615384615384616 0.6225961538461539 0.018028846153846152 0.03365384615384615
1 0.15264423076923078 0.5444711538461539 0.026442307692307692 0.028846153846153848
1 0.15625 0.5697115384615384 0.018028846153846152 0.018028846153846152
1 0.16105769230769232 0.5889423076923077 0.019230769230769232 0.020432692307692308
0 0.27524038461538464 0.34975961538461536 0.2704326923076923 0.6598557692307693
0 0.5132211538461539 0.26322115384615385 0.13221153846153846 0.38461538461538464
0 0.4795673076923077 0.36658653846153844 0.18870192307692307 0.13581730769230768
0 0.6971153846153846 0.6057692307692307 0.32211538461538464 0.6009615384615384
0 0.4387019230769231 0.49158653846153844 0.19471153846153846 0.3545673076923077
0 0.3605769230769231 0.5961538461538461 0.16706730769230768 0.27884615384615385