1 0.7668269230769231 0.43509615384615385 0.019230769230769232 0.03125
1 0.7536057692307693 0.44350961538461536 0.014423076923076924 0.016826923076923076
1 0.6995192307692307 0.44591346153846156 0.010817307692307692 0.014423076923076924
1 0.6862980769230769 0.4543269230769231 0.015625 0.016826923076923076
1 0.6802884615384616 0.421875 0.014423076923076924 0.02403846153846154
1 0.4362980769230769 0.49759615384615385 0.02283653846153846 0.02403846153846154
1 0.33653846153846156 0.7980769230769231 0.01201923076923077 0.019230769230769232
1 0.3233173076923077 0.796875 0.010817307692307692 0.019230769230769232
1 0.31490384615384615 0.7764423076923077 0.020432692307692308 0.027644230769230768
1 0.21514423076923078 0.8317307692307693 0.025240384615384616 0.02403846153846154
1 0.1814903846153846 0.8653846153846154 0.026442307692307692 0.02403846153846154
1 0.15384615384615385 0.7884615384615384 0.021634615384615384 0.028846153846153848