1 0.41466346153846156 0.33653846153846156 0.019230769230769232 0.016826923076923076
1 0.5300480769230769 0.5252403846153846 0.025240384615384616 0.021634615384615384
1 0.5396634615384616 0.41947115384615385 0.010817307692307692 0.014423076923076924
1 0.5324519230769231 0.43149038461538464 0.009615384615384616 0.018028846153846152
1 0.3870192307692308 0.5456730769230769 0.015625 0.015625
1 0.3581730769230769 0.5564903846153846 0.019230769230769232 0.018028846153846152
1 0.32211538461538464 0.5384615384615384 0.025240384615384616 0.02283653846153846
0 0.484375 0.6105769230769231 0.2512019230769231 0.125
0 0.71875 0.4723557692307692 0.28725961538461536 0.21995192307692307
0 0.5685096153846154 0.375 0.21875 0.1310096153846154
0 0.5889423076923077 0.21394230769230768 0.27283653846153844 0.13581730769230768
0 0.6622596153846154 0.21033653846153846 0.25841346153846156 0.12139423076923077
0 0.21153846153846154 0.20673076923076922 0.17668269230769232 0.13701923076923078
0 0.33052884615384615 0.4014423076923077 0.27884615384615385 0.31971153846153844
0 0.18028846153846154 0.3798076923076923 0.17908653846153846 0.203125