1 0.06129807692307692 0.6526442307692307 0.030048076923076924 0.028846153846153848
1 0.06490384615384616 0.6730769230769231 0.021634615384615384 0.020432692307692308
1 0.07211538461538461 0.6947115384615384 0.016826923076923076 0.020432692307692308
0 0.42427884615384615 0.8064903846153846 0.12980769230769232 0.2512019230769231
0 0.3401442307692308 0.5805288461538461 0.234375 0.1875
0 0.4543269230769231 0.34975961538461536 0.1201923076923077 0.28966346153846156
0 0.5216346153846154 0.453125 0.25721153846153844 0.15504807692307693
0 0.7007211538461539 0.2920673076923077 0.22956730769230768 0.23317307692307693
0 0.6646634615384616 0.7259615384615384 0.5096153846153846 0.42908653846153844
0 0.3125 0.2932692307692308 0.3161057692307692 0.5721153846153846
1 0.6141826923076923 0.1141826923076923 0.04567307692307692 0.042067307692307696
1 0.36538461538461536 0.28125 0.025240384615384616 0.03485576923076923
1 0.2403846153846154 0.30649038461538464 0.02283653846153846 0.03365384615384615
1 0.5661057692307693 0.35697115384615385 0.025240384615384616 0.030048076923076924
1 0.5721153846153846 0.3942307692307692 0.015625 0.02403846153846154
1 0.5901442307692307 0.38822115384615385 0.018028846153846152 0.02403846153846154
1 0.6646634615384616 0.4266826923076923 0.015625 0.019230769230769232
1 0.6478365384615384 0.421875 0.01201923076923077 0.021634615384615384
1 0.6634615384615384 0.13221153846153846 0.018028846153846152 0.020432692307692308
1 0.6754807692307693 0.11298076923076923 0.020432692307692308 0.02283653846153846