1 0.6923076923076923 0.4182692307692308 0.015625 0.021634615384615384
1 0.7079326923076923 0.41225961538461536 0.014423076923076924 0.019230769230769232
1 0.6887019230769231 0.39302884615384615 0.02283653846153846 0.027644230769230768
1 0.7584134615384616 0.4206730769230769 0.015625 0.016826923076923076
1 0.7752403846153846 0.4182692307692308 0.019230769230769232 0.025240384615384616
1 0.14543269230769232 0.7259615384615384 0.03125 0.042067307692307696
1 0.19471153846153846 0.7908653846153846 0.03125 0.036057692307692304
1 0.15504807692307693 0.8125 0.03125 0.039663461538461536
1 0.30288461538461536 0.7307692307692307 0.02403846153846154 0.037259615384615384
1 0.33052884615384615 0.7512019230769231 0.021634615384615384 0.04326923076923077
1 0.43509615384615385 0.44471153846153844 0.027644230769230768 0.039663461538461536
1 0.7139423076923077 0.17067307692307693 0.026442307692307692 0.018028846153846152
1 0.7163461538461539 0.18990384615384615 0.021634615384615384 0.021634615384615384
1 0.6754807692307693 0.18509615384615385 0.02283653846153846 0.03365384615384615
0 0.6923076923076923 0.2608173076923077 0.18389423076923078 0.12259615384615384
0 0.5168269230769231 0.27403846153846156 0.25240384615384615 0.1502403846153846
0 0.453125 0.3245192307692308 0.29086538461538464 0.2091346153846154
0 0.44471153846153844 0.4723557692307692 0.22355769230769232 0.19591346153846154
0 0.4963942307692308 0.49038461538461536 0.19471153846153846 0.125
0 0.5745192307692307 0.484375 0.31971153846153844 0.37259615384615385
0 0.4735576923076923 0.6081730769230769 0.4723557692307692 0.3233173076923077