1 0.29447115384615385 0.265625 0.037259615384615384 0.052884615384615384
1 0.6778846153846154 0.09735576923076923 0.03125 0.04326923076923077
1 0.703125 0.4074519230769231 0.02403846153846154 0.03125
1 0.6838942307692307 0.39302884615384615 0.018028846153846152 0.027644230769230768
1 0.08533653846153846 0.4338942307692308 0.03245192307692308 0.06129807692307692
1 0.04326923076923077 0.5889423076923077 0.03485576923076923 0.04567307692307692
1 0.016826923076923076 0.5997596153846154 0.021634615384615384 0.03245192307692308
1 0.17908653846153846 0.4987980769230769 0.028846153846153848 0.027644230769230768
1 0.18509615384615385 0.5240384615384616 0.019230769230769232 0.02403846153846154
1 0.18990384615384615 0.5420673076923077 0.016826923076923076 0.019230769230769232
1 0.7271634615384616 0.09735576923076923 0.019230769230769232 0.019230769230769232
1 0.7139423076923077 0.10697115384615384 0.010817307692307692 0.019230769230769232
0 0.11778846153846154 0.7896634615384616 0.109375 0.22115384615384615
0 0.35336538461538464 0.4254807692307692 0.10697115384615384 0.2980769230769231
0 0.4338942307692308 0.39783653846153844 0.08413461538461539 0.3173076923076923
0 0.5829326923076923 0.5324519230769231 0.1875 0.2932692307692308
0 0.5408653846153846 0.2620192307692308 0.14783653846153846 0.28365384615384615
0 0.4411057692307692 0.234375 0.27524038461538464 0.26802884615384615
0 0.6850961538461539 0.4579326923076923 0.34375 0.7860576923076923
0 0.21754807692307693 0.41346153846153844 0.3894230769230769 0.5685096153846154