1 0.6646634615384616 0.3713942307692308 0.02283653846153846 0.016826923076923076
1 0.6911057692307693 0.39663461538461536 0.016826923076923076 0.025240384615384616
1 0.6790865384615384 0.4110576923076923 0.009615384615384616 0.02403846153846154
1 0.7463942307692307 0.4951923076923077 0.019230769230769232 0.02283653846153846
1 0.7536057692307693 0.5192307692307693 0.016826923076923076 0.02283653846153846
1 0.6754807692307693 0.5637019230769231 0.02283653846153846 0.037259615384615384
1 0.6935096153846154 0.5625 0.014423076923076924 0.027644230769230768
1 0.6225961538461539 0.5132211538461539 0.021634615384615384 0.028846153846153848
1 0.5769230769230769 0.5709134615384616 0.026442307692307692 0.026442307692307692
1 0.46634615384615385 0.5625 0.026442307692307692 0.02403846153846154
1 0.40625 0.44350961538461536 0.018028846153846152 0.04326923076923077
1 0.44350961538461536 0.5649038461538461 0.016826923076923076 0.021634615384615384
1 0.30288461538461536 0.5865384615384616 0.021634615384615384 0.030048076923076924
1 0.234375 0.5504807692307693 0.03125 0.03125
1 0.2403846153846154 0.5757211538461539 0.009615384615384616 0.021634615384615384
0 0.3076923076923077 0.5564903846153846 0.06009615384615385 0.14302884615384615
0 0.2608173076923077 0.40625 0.16466346153846154 0.18509615384615385
0 0.3545673076923077 0.47596153846153844 0.31009615384615385 0.4338942307692308
0 0.45913461538461536 0.37740384615384615 0.1466346153846154 0.2439903846153846
0 0.4387019230769231 0.36778846153846156 0.2091346153846154 0.10817307692307693
0 0.3473557692307692 0.2848557692307692 0.1141826923076923 0.0829326923076923
0 0.3401442307692308 0.19831730769230768 0.14182692307692307 0.12259615384615384
0 0.6141826923076923 0.36538461538461536 0.24278846153846154 0.3954326923076923
0 0.6814903846153846 0.4495192307692308 0.15264423076923078 0.18870192307692307