1 0.6418269230769231 0.09975961538461539 0.038461538461538464 0.040865384615384616
1 0.3798076923076923 0.25240384615384615 0.03485576923076923 0.052884615384615384
1 0.2692307692307692 0.2668269230769231 0.042067307692307696 0.051682692307692304
1 0.03365384615384615 0.5168269230769231 0.03365384615384615 0.06129807692307692
1 0.5865384615384616 0.328125 0.03125 0.04326923076923077
1 0.5913461538461539 0.3581730769230769 0.021634615384615384 0.025240384615384616
1 0.6141826923076923 0.3641826923076923 0.02283653846153846 0.027644230769230768
1 0.6622596153846154 0.3942307692307692 0.019230769230769232 0.028846153846153848
1 0.6802884615384616 0.4014423076923077 0.016826923076923076 0.025240384615384616
1 0.13341346153846154 0.6225961538461539 0.021634615384615384 0.02403846153846154
1 0.12620192307692307 0.5985576923076923 0.019230769230769232 0.018028846153846152
1 0.125 0.5757211538461539 0.021634615384615384 0.027644230769230768
0 0.3870192307692308 0.7487980769230769 0.17307692307692307 0.16706730769230768
0 0.5769230769230769 0.3004807692307692 0.14783653846153846 0.21754807692307693
0 0.47836538461538464 0.3293269230769231 0.12740384615384615 0.44350961538461536
0 0.7091346153846154 0.6334134615384616 0.39903846153846156 0.5132211538461539
0 0.3798076923076923 0.5649038461538461 0.26322115384615385 0.2439903846153846
0 0.38100961538461536 0.4807692307692308 0.2127403846153846 0.40024038461538464
0 0.3016826923076923 0.3329326923076923 0.2956730769230769 0.6262019230769231