0 0.22355769230769232 0.49399038461538464 0.1814903846153846 0.13221153846153846
0 0.3088942307692308 0.6009615384615384 0.09375 0.18870192307692307
0 0.3329326923076923 0.5637019230769231 0.3161057692307692 0.43149038461538464
0 0.6298076923076923 0.49399038461538464 0.21394230769230768 0.12980769230769232
0 0.5793269230769231 0.4266826923076923 0.20072115384615385 0.24879807692307693
0 0.47475961538461536 0.43028846153846156 0.19110576923076922 0.13221153846153846
1 0.38341346153846156 0.35096153846153844 0.02403846153846154 0.027644230769230768
1 0.7199519230769231 0.5336538461538461 0.02403846153846154 0.027644230769230768
1 0.734375 0.5600961538461539 0.030048076923076924 0.03365384615384615
1 0.6670673076923077 0.5925480769230769 0.016826923076923076 0.019230769230769232
1 0.6550480769230769 0.6057692307692307 0.014423076923076924 0.025240384615384616
1 0.5649038461538461 0.6346153846153846 0.026442307692307692 0.037259615384615384
1 0.4026442307692308 0.5036057692307693 0.016826923076923076 0.03125
1 0.45072115384615385 0.6129807692307693 0.019230769230769232 0.021634615384615384
1 0.43028846153846156 0.6286057692307693 0.020432692307692308 0.02283653846153846
1 0.2824519230769231 0.5901442307692307 0.021634615384615384 0.027644230769230768