0 0.6514423076923077 0.390625 0.31850961538461536 0.24158653846153846
0 0.4879807692307692 0.31490384615384615 0.20793269230769232 0.2776442307692308
0 0.6322115384615384 0.22115384615384615 0.28725961538461536 0.3004807692307692
0 0.7247596153846154 0.23317307692307693 0.2091346153846154 0.2091346153846154
0 0.8305288461538461 0.22716346153846154 0.33413461538461536 0.41586538461538464
0 0.9399038461538461 0.15745192307692307 0.11538461538461539 0.19471153846153846
1 0.44471153846153844 0.6165865384615384 0.037259615384615384 0.03485576923076923
1 0.4567307692307692 0.6213942307692307 0.11538461538461539 0.2956730769230769
1 0.7175480769230769 0.7211538461538461 0.4723557692307692 0.5396634615384616
1 0.3762019230769231 0.734375 0.018028846153846152 0.036057692307692304
1 0.35697115384615385 0.7367788461538461 0.019230769230769232 0.027644230769230768