0 0.32572115384615385 0.7512019230769231 0.1045673076923077 0.24158653846153846
1 0.3894230769230769 0.23317307692307693 0.046875 0.046875
1 0.65625 0.08533653846153846 0.02403846153846154 0.03365384615384615
1 0.7163461538461539 0.0889423076923077 0.02283653846153846 0.03245192307692308
1 0.6971153846153846 0.1045673076923077 0.019230769230769232 0.03125
1 0.5997596153846154 0.3112980769230769 0.030048076923076924 0.03365384615384615
1 0.6298076923076923 0.34615384615384615 0.02283653846153846 0.03245192307692308
1 0.6081730769230769 0.34375 0.019230769230769232 0.02403846153846154
1 0.6754807692307693 0.38461538461538464 0.015625 0.03485576923076923
1 0.6947115384615384 0.3894230769230769 0.020432692307692308 0.02283653846153846
1 0.2956730769230769 0.2536057692307692 0.03485576923076923 0.038461538461538464
1 0.07211538461538461 0.4699519230769231 0.028846153846153848 0.03365384615384615
1 0.15625 0.5324519230769231 0.026442307692307692 0.026442307692307692
1 0.15865384615384615 0.5552884615384616 0.026442307692307692 0.020432692307692308
1 0.16466346153846154 0.578125 0.02283653846153846 0.021634615384615384
1 0.014423076923076924 0.6129807692307693 0.027644230769230768 0.037259615384615384
0 0.28125 0.3425480769230769 0.2512019230769231 0.6009615384615384
0 0.36177884615384615 0.5925480769230769 0.25 0.31971153846153844
0 0.4567307692307692 0.4567307692307692 0.13221153846153846 0.24519230769230768
0 0.4206730769230769 0.3401442307692308 0.2091346153846154 0.17668269230769232
0 0.7067307692307693 0.5504807692307693 0.4254807692307692 0.6862980769230769
0 0.47475961538461536 0.23798076923076922 0.13581730769230768 0.37740384615384615