1 0.625 0.4483173076923077 0.020432692307692308 0.027644230769230768
1 0.9771634615384616 0.44591346153846156 0.036057692307692304 0.03245192307692308
1 0.8870192307692307 0.578125 0.03125 0.03245192307692308
1 0.9266826923076923 0.6923076923076923 0.021634615384615384 0.03125
1 0.9050480769230769 0.6995192307692307 0.021634615384615384 0.039663461538461536
1 0.9026442307692307 0.6129807692307693 0.019230769230769232 0.028846153846153848
1 0.8870192307692307 0.6274038461538461 0.019230769230769232 0.038461538461538464
1 0.35096153846153844 0.4855769230769231 0.03365384615384615 0.046875
1 0.25240384615384615 0.5552884615384616 0.027644230769230768 0.027644230769230768
1 0.22716346153846154 0.5456730769230769 0.015625 0.037259615384615384
0 0.5841346153846154 0.23677884615384615 0.1466346153846154 0.30408653846153844
0 0.5733173076923077 0.21995192307692307 0.17908653846153846 0.14543269230769232
0 0.42788461538461536 0.30528846153846156 0.18028846153846154 0.3317307692307692
0 0.4026442307692308 0.1971153846153846 0.21153846153846154 0.39302884615384615
0 0.35216346153846156 0.6165865384615384 0.18269230769230768 0.23557692307692307
0 0.8137019230769231 0.5276442307692307 0.08653846153846154 0.23918269230769232
0 0.7055288461538461 0.4495192307692308 0.46033653846153844 0.2403846153846154
0 0.3737980769230769 0.5685096153846154 0.4266826923076923 0.5697115384615384