0 0.2668269230769231 0.17307692307692307 0.40865384615384615 0.328125
0 0.5709134615384616 0.15264423076923078 0.1814903846153846 0.30528846153846156
0 0.7091346153846154 0.1658653846153846 0.15144230769230768 0.3317307692307692
0 0.8365384615384616 0.12980769230769232 0.1201923076923077 0.25961538461538464
0 0.8689903846153846 0.17668269230769232 0.25841346153846156 0.35336538461538464
1 0.578125 0.3449519230769231 0.04326923076923077 0.04807692307692308
1 0.48197115384615385 0.4795673076923077 0.019230769230769232 0.046875
1 0.5168269230769231 0.48677884615384615 0.03365384615384615 0.046875
1 0.71875 0.41225961538461536 0.038461538461538464 0.03485576923076923
1 0.6971153846153846 0.38341346153846156 0.040865384615384616 0.025240384615384616
1 0.7211538461538461 0.36778846153846156 0.028846153846153848 0.02403846153846154