0 0.3581730769230769 0.4230769230769231 0.234375 0.3473557692307692
0 0.3485576923076923 0.6526442307692307 0.22355769230769232 0.14903846153846154
0 0.5576923076923077 0.6057692307692307 0.44711538461538464 0.6334134615384616
0 0.33653846153846156 0.15985576923076922 0.2848557692307692 0.2283653846153846
0 0.33774038461538464 0.0985576923076923 0.1502403846153846 0.19230769230769232
0 0.4699519230769231 0.1346153846153846 0.3004807692307692 0.2692307692307692
0 0.6899038461538461 0.1141826923076923 0.4699519230769231 0.2283653846153846
0 0.8197115384615384 0.06129807692307692 0.16826923076923078 0.12259615384615384
1 0.0985576923076923 0.5324519230769231 0.04567307692307692 0.06370192307692307
1 0.22596153846153846 0.5961538461538461 0.02403846153846154 0.028846153846153848
1 0.20793269230769232 0.609375 0.015625 0.025240384615384616
1 0.22355769230769232 0.6274038461538461 0.015625 0.021634615384615384
1 0.037259615384615384 0.6754807692307693 0.02403846153846154 0.028846153846153848
1 0.013221153846153846 0.6742788461538461 0.018028846153846152 0.037259615384615384