0 0.5300480769230769 0.4879807692307692 0.23918269230769232 0.15865384615384615
1 0.1875 0.4326923076923077 0.037259615384615384 0.036057692307692304
1 0.6899038461538461 0.33533653846153844 0.030048076923076924 0.028846153846153848
1 0.7680288461538461 0.1141826923076923 0.030048076923076924 0.040865384615384616
1 0.13942307692307693 0.5769230769230769 0.028846153846153848 0.037259615384615384
1 0.11778846153846154 0.5925480769230769 0.026442307692307692 0.04447115384615385
1 0.39302884615384615 0.27283653846153844 0.026442307692307692 0.025240384615384616
1 0.7704326923076923 0.40625 0.015625 0.03125
1 0.7908653846153846 0.4254807692307692 0.02403846153846154 0.03125
1 0.6971153846153846 0.36538461538461536 0.018028846153846152 0.027644230769230768
1 0.7199519230769231 0.375 0.021634615384615384 0.020432692307692308
0 0.6502403846153846 0.20673076923076922 0.49158653846153844 0.31009615384615385
0 0.49399038461538464 0.2932692307692308 0.203125 0.08653846153846154
0 0.4519230769230769 0.23557692307692307 0.36538461538461536 0.15504807692307693
0 0.25961538461538464 0.4230769230769231 0.47836538461538464 0.2800480769230769