1 0.02283653846153846 0.5240384615384616 0.021634615384615384 0.040865384615384616
1 0.16826923076923078 0.48677884615384615 0.003605769230769231 0.001201923076923077
1 0.265625 0.27403846153846156 0.04567307692307692 0.042067307692307696
1 0.3762019230769231 0.2512019230769231 0.038461538461538464 0.04447115384615385
1 0.6370192307692307 0.09495192307692307 0.03125 0.040865384615384616
1 0.6790865384615384 0.109375 0.025240384615384616 0.046875
1 0.6742788461538461 0.40384615384615385 0.021634615384615384 0.028846153846153848
1 0.6598557692307693 0.39302884615384615 0.025240384615384616 0.039663461538461536
1 0.11177884615384616 0.5841346153846154 0.025240384615384616 0.03245192307692308
1 0.11778846153846154 0.6069711538461539 0.016826923076923076 0.02403846153846154
1 0.125 0.6274038461538461 0.027644230769230768 0.021634615384615384
0 0.296875 0.31490384615384615 0.28725961538461536 0.6298076923076923
0 0.6225961538461539 0.28125 0.22355769230769232 0.23677884615384615
0 0.7355769230769231 0.6526442307692307 0.4362980769230769 0.515625
0 0.4639423076923077 0.3713942307692308 0.11658653846153846 0.515625
0 0.3713942307692308 0.5528846153846154 0.24278846153846154 0.1622596153846154
0 0.4014423076923077 0.4675480769230769 0.22355769230769232 0.36778846153846156
0 0.38461538461538464 0.7668269230769231 0.17067307692307693 0.20793269230769232