1 0.11899038461538461 0.44471153846153844 0.027644230769230768 0.03125
1 0.7019230769230769 0.11778846153846154 0.03365384615384615 0.04326923076923077
1 0.6225961538461539 0.3317307692307692 0.026442307692307692 0.03245192307692308
1 0.32572115384615385 0.2824519230769231 0.036057692307692304 0.051682692307692304
1 0.0733173076923077 0.5925480769230769 0.028846153846153848 0.038461538461538464
1 0.05048076923076923 0.6057692307692307 0.020432692307692308 0.027644230769230768
1 0.21033653846153846 0.5036057692307693 0.019230769230769232 0.02403846153846154
1 0.2127403846153846 0.5228365384615384 0.021634615384615384 0.021634615384615384
1 0.22235576923076922 0.5432692307692307 0.020432692307692308 0.021634615384615384
1 0.7247596153846154 0.41947115384615385 0.014423076923076924 0.025240384615384616
1 0.7103365384615384 0.40625 0.019230769230769232 0.030048076923076924
1 0.7463942307692307 0.12860576923076922 0.013221153846153846 0.018028846153846152
1 0.7572115384615384 0.11658653846153846 0.014423076923076924 0.015625
0 0.4411057692307692 0.23197115384615385 0.32572115384615385 0.16826923076923078
0 0.4735576923076923 0.38461538461538464 0.1045673076923077 0.27524038461538464
0 0.4014423076923077 0.30649038461538464 0.18269230769230768 0.2283653846153846
0 0.6045673076923077 0.4411057692307692 0.09495192307692307 0.23918269230769232
0 0.6935096153846154 0.43990384615384615 0.11298076923076923 0.3269230769230769
0 0.24759615384615385 0.40384615384615385 0.49399038461538464 0.39783653846153844
0 0.640625 0.29086538461538464 0.4651442307692308 0.5625