1 0.45552884615384615 0.4098557692307692 0.025240384615384616 0.027644230769230768
1 0.14302884615384615 0.6622596153846154 0.026442307692307692 0.040865384615384616
1 0.1875 0.7271634615384616 0.037259615384615384 0.039663461538461536
1 0.1466346153846154 0.7463942307692307 0.025240384615384616 0.026442307692307692
1 0.29927884615384615 0.6802884615384616 0.016826923076923076 0.027644230769230768
1 0.31009615384615385 0.6971153846153846 0.014423076923076924 0.021634615384615384
1 0.3245192307692308 0.703125 0.020432692307692308 0.028846153846153848
1 0.7175480769230769 0.37259615384615385 0.020432692307692308 0.028846153846153848
1 0.7319711538461539 0.41466346153846156 0 0
1 0.7163461538461539 0.40865384615384615 0.021634615384615384 0.020432692307692308
1 0.7307692307692307 0.40384615384615385 0.013221153846153846 0.014423076923076924
1 0.7848557692307693 0.41225961538461536 0.010817307692307692 0.026442307692307692
1 0.7980769230769231 0.41466346153846156 0.010817307692307692 0.015625
1 0.7127403846153846 0.171875 0.018028846153846152 0.02403846153846154
0 0.7331730769230769 0.25721153846153844 0.19591346153846154 0.16346153846153846
0 0.5336538461538461 0.2548076923076923 0.2668269230769231 0.1814903846153846
0 0.4579326923076923 0.30408653846153844 0.3004807692307692 0.24278846153846154
0 0.45552884615384615 0.4495192307692308 0.24158653846153846 0.21033653846153846
0 0.2860576923076923 0.5877403846153846 0.13341346153846154 0.32572115384615385
0 0.4891826923076923 0.6622596153846154 0.5216346153846154 0.2536057692307692
0 0.5853365384615384 0.4735576923076923 0.33533653846153844 0.3870192307692308