1 0.38822115384615385 0.6346153846153846 0.036057692307692304 0.038461538461538464
1 0.41346153846153844 0.7199519230769231 0.026442307692307692 0.04447115384615385
1 0.38100961538461536 0.7331730769230769 0.028846153846153848 0.04326923076923077
1 0.5408653846153846 0.6850961538461539 0.02283653846153846 0.027644230769230768
1 0.5432692307692307 0.7103365384615384 0.027644230769230768 0.02403846153846154
1 0.5588942307692307 0.7175480769230769 0.021634615384615384 0.02403846153846154
0 0.47596153846153844 0.6370192307692307 0.09134615384615384 0.24519230769230768
0 0.6346153846153846 0.3629807692307692 0.3293269230769231 0.3173076923076923
0 0.9495192307692307 0.38341346153846156 0.09615384615384616 0.28125
0 0.7524038461538461 0.6033653846153846 0.21514423076923078 0.14423076923076922
0 0.8173076923076923 0.7463942307692307 0.35697115384615385 0.4098557692307692
0 0.7355769230769231 0.2704326923076923 0.13581730769230768 0.21514423076923078
0 0.8665865384615384 0.43028846153846156 0.13822115384615385 0.5168269230769231
0 0.8004807692307693 0.0673076923076923 0.21875 0.0985576923076923