1 0.30649038461538464 0.25841346153846156 0.03365384615384615 0.04326923076923077
1 0.6754807692307693 0.09615384615384616 0.025240384615384616 0.03125
1 0.40384615384615385 0.24519230769230768 0.03245192307692308 0.04447115384615385
1 0.09495192307692307 0.4266826923076923 0.038461538461538464 0.052884615384615384
1 0.04807692307692308 0.5889423076923077 0.026442307692307692 0.038461538461538464
1 0.02283653846153846 0.5961538461538461 0.025240384615384616 0.03245192307692308
1 0.18870192307692307 0.49399038461538464 0.025240384615384616 0.03485576923076923
1 0.18990384615384615 0.5216346153846154 0.02283653846153846 0.020432692307692308
1 0.1971153846153846 0.5420673076923077 0.025240384615384616 0.019230769230769232
1 0.6057692307692307 0.3173076923076923 0.02403846153846154 0.02403846153846154
1 0.6129807692307693 0.35216346153846156 0.013221153846153846 0.020432692307692308
1 0.6274038461538461 0.3545673076923077 0.020432692307692308 0.028846153846153848
1 0.6826923076923077 0.3918269230769231 0.015625 0.020432692307692308
1 0.6995192307692307 0.40024038461538464 0.018028846153846152 0.02403846153846154
1 0.7127403846153846 0.11298076923076923 0.013221153846153846 0.021634615384615384
1 0.7271634615384616 0.10096153846153846 0.01201923076923077 0.019230769230769232
0 0.515625 0.21394230769230768 0.1778846153846154 0.2620192307692308
0 0.4579326923076923 0.2608173076923077 0.25721153846153844 0.23197115384615385
0 0.4483173076923077 0.41466346153846156 0.078125 0.32572115384615385
0 0.37259615384615385 0.45552884615384615 0.12139423076923077 0.2956730769230769
0 0.5612980769230769 0.5396634615384616 0.20072115384615385 0.2860576923076923
0 0.26322115384615385 0.40865384615384615 0.3401442307692308 0.5733173076923077
0 0.11899038461538461 0.7800480769230769 0.12740384615384615 0.21153846153846154
0 0.6694711538461539 0.45913461538461536 0.2644230769230769 0.7211538461538461