1 0.5288461538461539 0.6081730769230769 0.030048076923076924 0.042067307692307696
1 0.9026442307692307 0.6274038461538461 0.026442307692307692 0.03365384615384615
1 0.5865384615384616 0.7223557692307693 0.015625 0.028846153846153848
1 0.5925480769230769 0.6935096153846154 0.015625 0.03365384615384615
1 0.6141826923076923 0.6995192307692307 0.02403846153846154 0.027644230769230768
0 0.4651442307692308 0.16826923076923078 0.19951923076923078 0.33653846153846156
0 0.6153846153846154 0.2956730769230769 0.25 0.18028846153846154
0 0.4483173076923077 0.5084134615384616 0.18509615384615385 0.3004807692307692
0 0.6838942307692307 0.7956730769230769 0.16706730769230768 0.17067307692307693
0 0.8473557692307693 0.5805288461538461 0.25721153846153844 0.6394230769230769
0 0.53125 0.5901442307692307 0.4543269230769231 0.5252403846153846