0 0.6153846153846154 0.34975961538461536 0.31850961538461536 0.12860576923076922
0 0.7355769230769231 0.47115384615384615 0.31971153846153844 0.25240384615384615
0 0.6057692307692307 0.21033653846153846 0.27884615384615385 0.11298076923076923
1 0.5372596153846154 0.4362980769230769 0.010817307692307692 0.015625
1 0.5276442307692307 0.4411057692307692 0.008413461538461538 0.015625
1 0.5192307692307693 0.43149038461538464 0.010817307692307692 0.020432692307692308
1 0.5132211538461539 0.5144230769230769 0.018028846153846152 0.02403846153846154
1 0.4675480769230769 0.4326923076923077 0.015625 0.018028846153846152
1 0.4675480769230769 0.4483173076923077 0.01201923076923077 0.014423076923076924
1 0.4723557692307692 0.4807692307692308 0.01201923076923077 0.018028846153846152
1 0.45913461538461536 0.4831730769230769 0.013221153846153846 0.01201923076923077
1 0.45552884615384615 0.4987980769230769 0.01201923076923077 0.010817307692307692
1 0.4651442307692308 0.4951923076923077 0.008413461538461538 0.010817307692307692
1 0.47115384615384615 0.5 0.01201923076923077 0.018028846153846152
1 0.46274038461538464 0.5072115384615384 0.008413461538461538 0.013221153846153846
1 0.40625 0.5492788461538461 0.015625 0.014423076923076924
1 0.41466346153846156 0.5661057692307693 0.010817307692307692 0.014423076923076924
1 0.35336538461538464 0.5384615384615384 0.026442307692307692 0.020432692307692308
1 0.41947115384615385 0.33533653846153844 0.02283653846153846 0.037259615384615384
0 0.5396634615384616 0.4807692307692308 0.15625 0.1141826923076923
0 0.4651442307692308 0.6117788461538461 0.2512019230769231 0.1141826923076923
0 0.42427884615384615 0.4855769230769231 0.09134615384615384 0.12740384615384615
0 0.35336538461538464 0.39903846153846156 0.3125 0.36778846153846156
0 0.30288461538461536 0.5396634615384616 0.11899038461538461 0.1658653846153846
0 0.1971153846153846 0.3786057692307692 0.15625 0.20793269230769232
0 0.22355769230769232 0.19951923076923078 0.13341346153846154 0.12740384615384615
0 0.3173076923076923 0.21995192307692307 0.2824519230769231 0.12740384615384615