1 0.15745192307692307 0.7824519230769231 0.038461538461538464 0.05889423076923077
1 0.21153846153846154 0.8377403846153846 0.03485576923076923 0.03365384615384615
1 0.18028846153846154 0.8689903846153846 0.021634615384615384 0.03245192307692308
1 0.7632211538461539 0.42908653846153844 0.018028846153846152 0.016826923076923076
1 0.75 0.4375 0.018028846153846152 0.016826923076923076
1 0.6766826923076923 0.41947115384615385 0.021634615384615384 0.027644230769230768
1 0.6538461538461539 0.21033653846153846 0.026442307692307692 0.03365384615384615
1 0.4362980769230769 0.4963942307692308 0.020432692307692308 0.02403846153846154
1 0.33774038461538464 0.7992788461538461 0.016826923076923076 0.020432692307692308
1 0.3125 0.7740384615384616 0.021634615384615384 0.025240384615384616
1 0.32091346153846156 0.7992788461538461 0.015625 0.027644230769230768
1 0.6971153846153846 0.4375 0.013221153846153846 0.019230769230769232
1 0.6838942307692307 0.4495192307692308 0.014423076923076924 0.020432692307692308
1 0.6947115384615384 0.19471153846153846 0.018028846153846152 0.016826923076923076
1 0.6947115384615384 0.21033653846153846 0.015625 0.015625
1 0.3016826923076923 0.171875 0.026442307692307692 0.030048076923076924
0 0.2848557692307692 0.5997596153846154 0.1045673076923077 0.25961538461538464
0 0.34975961538461536 0.42908653846153844 0.22956730769230768 0.14302884615384615
0 0.42908653846153844 0.27283653846153844 0.12139423076923077 0.21875
0 0.453125 0.28725961538461536 0.17548076923076922 0.14543269230769232
0 0.42788461538461536 0.3629807692307692 0.3004807692307692 0.1778846153846154
0 0.7451923076923077 0.41225961538461536 0.15264423076923078 0.2608173076923077
0 0.5324519230769231 0.4963942307692308 0.36538461538461536 0.31009615384615385
0 0.4326923076923077 0.6141826923076923 0.41346153846153844 0.5480769230769231