1 0.3004807692307692 0.5925480769230769 0.027644230769230768 0.039663461538461536
1 0.7908653846153846 0.5492788461538461 0.04567307692307692 0.052884615384615384
1 0.31971153846153844 0.6045673076923077 0.021634615384615384 0.03245192307692308
1 0.5060096153846154 0.6213942307692307 0.020432692307692308 0.02403846153846154
1 0.4891826923076923 0.6165865384615384 0.014423076923076924 0.016826923076923076
1 0.48677884615384615 0.6394230769230769 0.020432692307692308 0.021634615384615384
1 0.9591346153846154 0.6394230769230769 0.025240384615384616 0.02403846153846154
1 0.9663461538461539 0.6670673076923077 0.018028846153846152 0.016826923076923076
1 0.9615384615384616 0.6887019230769231 0.018028846153846152 0.02403846153846154
1 0.9807692307692307 0.7572115384615384 0.013221153846153846 0.02403846153846154
1 0.96875 0.7584134615384616 0.013221153846153846 0.021634615384615384
0 0.8677884615384616 0.5528846153846154 0.10817307692307693 0.25721153846153844
0 0.6694711538461539 0.49158653846153844 0.2403846153846154 0.14783653846153846
0 0.45072115384615385 0.7608173076923077 0.2091346153846154 0.14783653846153846
0 0.5408653846153846 0.28125 0.20673076923076922 0.15985576923076922
0 0.3786057692307692 0.18028846153846154 0.14543269230769232 0.3485576923076923
0 0.4182692307692308 0.42427884615384615 0.17908653846153846 0.3317307692307692
0 0.7692307692307693 0.5036057692307693 0.3076923076923077 0.4050480769230769
0 0.49399038461538464 0.5661057692307693 0.3473557692307692 0.5120192307692307