1 0.5697115384615384 0.35697115384615385 0.021634615384615384 0.038461538461538464
1 0.5889423076923077 0.3605769230769231 0.018028846153846152 0.025240384615384616
1 0.6394230769230769 0.16346153846153846 0.016826923076923076 0.027644230769230768
1 0.6394230769230769 0.18870192307692307 0.015625 0.016826923076923076
1 0.625 0.19471153846153846 0.018028846153846152 0.027644230769230768
1 0.23317307692307693 0.055288461538461536 0.03485576923076923 0.040865384615384616
0 0.13581730769230768 0.0829326923076923 0.27163461538461536 0.14302884615384615
0 0.4651442307692308 0.5072115384615384 0.20552884615384615 0.20793269230769232
0 0.3870192307692308 0.42427884615384615 0.30288461538461536 0.15985576923076922
0 0.15865384615384615 0.33052884615384615 0.3173076923076923 0.171875
0 0.2692307692307692 0.24639423076923078 0.5384615384615384 0.15144230769230768
0 0.5288461538461539 0.06850961538461539 0.5516826923076923 0.13581730769230768