0 0.6298076923076923 0.23918269230769232 0.22115384615384615 0.16346153846153846
1 0.6310096153846154 0.1045673076923077 0.015625 0.03245192307692308
1 0.36899038461538464 0.2668269230769231 0.025240384615384616 0.03125
1 0.671875 0.1201923076923077 0.013221153846153846 0.025240384615384616
1 0.6862980769230769 0.11538461538461539 0.014423076923076924 0.02283653846153846
1 0.671875 0.4170673076923077 0.018028846153846152 0.03125
1 0.6550480769230769 0.40384615384615385 0.014423076923076924 0.025240384615384616
1 0.5985576923076923 0.3798076923076923 0.016826923076923076 0.03485576923076923
1 0.5817307692307693 0.37740384615384615 0.013221153846153846 0.03125
1 0.578125 0.3473557692307692 0.014423076923076924 0.026442307692307692
1 0.25961538461538464 0.28846153846153844 0.025240384615384616 0.03125
1 0.09975961538461539 0.6586538461538461 0.021634615384615384 0.018028846153846152
1 0.09375 0.6382211538461539 0.015625 0.015625
1 0.09134615384615384 0.6153846153846154 0.02403846153846154 0.02283653846153846
0 0.2980769230769231 0.2980769230769231 0.31971153846153844 0.5697115384615384
0 0.46153846153846156 0.3449519230769231 0.11899038461538461 0.3701923076923077
0 0.4543269230769231 0.4483173076923077 0.32091346153846156 0.19951923076923078
0 0.34975961538461536 0.6021634615384616 0.2824519230769231 0.19591346153846154
0 0.40865384615384615 0.7752403846153846 0.12139423076923077 0.21754807692307693
0 0.7151442307692307 0.6814903846153846 0.44471153846153844 0.45913461538461536