1 0.29447115384615385 0.14783653846153846 0.036057692307692304 0.027644230769230768
1 0.65625 0.203125 0.019230769230769232 0.05048076923076923
1 0.6983173076923077 0.17668269230769232 0.025240384615384616 0.02403846153846154
1 0.6947115384615384 0.19951923076923078 0.016826923076923076 0.020432692307692308
1 0.6754807692307693 0.39663461538461536 0.02283653846153846 0.03485576923076923
1 0.6850961538461539 0.4338942307692308 0.020432692307692308 0.03125
1 0.6959134615384616 0.4254807692307692 0.014423076923076924 0.02403846153846154
1 0.7487980769230769 0.42788461538461536 0.013221153846153846 0.02283653846153846
1 0.7632211538461539 0.4182692307692308 0.014423076923076924 0.019230769230769232
1 0.14783653846153846 0.7668269230769231 0.03245192307692308 0.04326923076923077
1 0.19951923076923078 0.828125 0.026442307692307692 0.038461538461538464
1 0.1658653846153846 0.8521634615384616 0.026442307692307692 0.03365384615384615
1 0.3016826923076923 0.7548076923076923 0.026442307692307692 0.026442307692307692
1 0.3173076923076923 0.7752403846153846 0.015625 0.02403846153846154
1 0.33052884615384615 0.7836538461538461 0.013221153846153846 0.021634615384615384
0 0.27884615384615385 0.6033653846153846 0.12379807692307693 0.24158653846153846
0 0.4266826923076923 0.6766826923076923 0.5048076923076923 0.25600961538461536
0 0.6899038461538461 0.2920673076923077 0.16105769230769232 0.1141826923076923
0 0.5540865384615384 0.4951923076923077 0.31971153846153844 0.33533653846153844
0 0.41947115384615385 0.45552884615384615 0.23677884615384615 0.20192307692307693
0 0.4723557692307692 0.38100961538461536 0.2668269230769231 0.23076923076923078
0 0.5072115384615384 0.3161057692307692 0.203125 0.14302884615384615