1 0.39783653846153844 0.34615384615384615 0.025240384615384616 0.039663461538461536
1 0.6802884615384616 0.5144230769230769 0.010817307692307692 0.015625
1 0.6911057692307693 0.5216346153846154 0.009615384615384616 0.015625
1 0.6298076923076923 0.5925480769230769 0.013221153846153846 0.015625
1 0.625 0.5757211538461539 0.013221153846153846 0.016826923076923076
1 0.5420673076923077 0.6346153846153846 0.019230769230769232 0.039663461538461536
1 0.44350961538461536 0.6009615384615384 0.015625 0.018028846153846152
1 0.33774038461538464 0.5480769230769231 0.013221153846153846 0.015625
1 0.35336538461538464 0.5108173076923077 0.014423076923076924 0.027644230769230768
1 0.2980769230769231 0.5576923076923077 0.015625 0.028846153846153848
1 0.5552884615384616 0.5733173076923077 0.13822115384615385 0.21995192307692307
1 0.6225961538461539 0.41346153846153844 0.014423076923076924 0.018028846153846152
0 0.5264423076923077 0.38341346153846156 0.25841346153846156 0.19230769230769232
0 0.6838942307692307 0.4074519230769231 0.34615384615384615 0.10096153846153846
0 0.328125 0.4074519230769231 0.13221153846153846 0.10697115384615384
0 0.22235576923076922 0.4170673076923077 0.20552884615384615 0.1346153846153846
0 0.3137019230769231 0.5588942307692307 0.06129807692307692 0.20673076923076922
0 0.33774038461538464 0.47596153846153844 0.2692307692307692 0.47596153846153844
0 0.2439903846153846 0.20552884615384615 0.21995192307692307 0.09735576923076923
0 0.6322115384615384 0.23557692307692307 0.36899038461538464 0.1622596153846154