1 0.4699519230769231 0.5961538461538461 0.038461538461538464 0.046875
1 0.7944711538461539 0.359375 0.037259615384615384 0.038461538461538464
1 0.9254807692307693 0.2956730769230769 0.025240384615384616 0.04447115384615385
1 0.5865384615384616 0.6706730769230769 0.026442307692307692 0.040865384615384616
1 0.5673076923076923 0.6814903846153846 0.025240384615384616 0.03365384615384615
1 0.5853365384615384 0.7055288461538461 0.020432692307692308 0.020432692307692308
1 0.39783653846153844 0.7175480769230769 0.02283653846153846 0.028846153846153848
1 0.375 0.71875 0.021634615384615384 0.03365384615384615
0 0.47836538461538464 0.640625 0.12740384615384615 0.171875
0 0.7163461538461539 0.6887019230769231 0.484375 0.5168269230769231
0 0.6141826923076923 0.39783653846153844 0.3473557692307692 0.27163461538461536
0 0.4891826923076923 0.2764423076923077 0.25 0.2668269230769231
0 0.6141826923076923 0.18269230769230768 0.27884615384615385 0.2860576923076923
0 0.7680288461538461 0.22596153846153846 0.2608173076923077 0.20552884615384615
0 0.8353365384615384 0.19230769230769232 0.3245192307692308 0.34615384615384615