1 0.2920673076923077 0.5817307692307693 0.026442307692307692 0.03125
1 0.33533653846153844 0.5612980769230769 0.015625 0.021634615384615384
1 0.35096153846153844 0.5216346153846154 0.026442307692307692 0.028846153846153848
0 0.4014423076923077 0.49278846153846156 0.025240384615384616 0.026442307692307692
0 0.44711538461538464 0.6057692307692307 0.020432692307692308 0.02403846153846154
0 0.4362980769230769 0.6201923076923077 0.013221153846153846 0.016826923076923076
0 0.5528846153846154 0.6274038461538461 0.03245192307692308 0.028846153846153848
1 0.6430288461538461 0.6057692307692307 0.01201923076923077 0.020432692307692308
1 0.6526442307692307 0.59375 0.01201923076923077 0.014423076923076924
1 0.7055288461538461 0.5384615384615384 0.013221153846153846 0.02403846153846154
1 0.7163461538461539 0.546875 0.01201923076923077 0.01201923076923077
1 0.6430288461538461 0.4254807692307692 0.016826923076923076 0.018028846153846152
1 0.6430288461538461 0.4098557692307692 0.013221153846153846 0.020432692307692308
1 0.3954326923076923 0.36658653846153844 0.019230769230769232 0.026442307692307692
0 0.2608173076923077 0.5060096153846154 0.10336538461538461 0.15264423076923078
0 0.32091346153846156 0.5793269230769231 0.0889423076923077 0.14423076923076922
0 0.2439903846153846 0.44591346153846156 0.19110576923076922 0.13341346153846154
0 0.38221153846153844 0.3894230769230769 0.11538461538461539 0.0985576923076923
0 0.46875 0.40625 0.21033653846153846 0.14182692307692307
0 0.3317307692307692 0.4879807692307692 0.25721153846153844 0.4543269230769231
0 0.6141826923076923 0.49278846153846156 0.11658653846153846 0.1971153846153846
0 0.6298076923076923 0.40865384615384615 0.3641826923076923 0.19591346153846154
0 0.6057692307692307 0.2247596153846154 0.33774038461538464 0.13701923076923078