0 0.7235576923076923 0.703125 0.4831730769230769 0.44711538461538464
1 0.46033653846153844 0.5949519230769231 0.027644230769230768 0.0673076923076923
1 0.38822115384615385 0.7151442307692307 0.027644230769230768 0.040865384615384616
1 0.36177884615384615 0.7103365384615384 0.03125 0.03365384615384615
1 0.7836538461538461 0.35336538461538464 0.028846153846153848 0.055288461538461536
1 0.9122596153846154 0.29447115384615385 0.04326923076923077 0.06490384615384616
0 0.7307692307692307 0.20673076923076922 0.18990384615384615 0.17908653846153846
0 0.6310096153846154 0.21033653846153846 0.2704326923076923 0.2824519230769231
0 0.5012019230769231 0.27884615384615385 0.27283653846153844 0.20432692307692307
0 0.5925480769230769 0.4639423076923077 0.30288461538461536 0.28365384615384615
0 0.8257211538461539 0.19951923076923078 0.3473557692307692 0.3641826923076923