1 0.28125 0.265625 0.036057692307692304 0.051682692307692304
1 0.37740384615384615 0.24158653846153846 0.03245192307692308 0.05889423076923077
1 0.6490384615384616 0.09495192307692307 0.025240384615384616 0.057692307692307696
1 0.6850961538461539 0.10697115384615384 0.019230769230769232 0.02403846153846154
1 0.7079326923076923 0.09735576923076923 0.03485576923076923 0.02403846153846154
1 0.06009615384615385 0.49038461538461536 0.039663461538461536 0.039663461538461536
1 0.14423076923076922 0.5480769230769231 0.03245192307692308 0.03125
1 0.14423076923076922 0.5757211538461539 0.027644230769230768 0.02403846153846154
1 0.15264423076923078 0.5961538461538461 0.025240384615384616 0.02403846153846154
1 0.5889423076923077 0.31850961538461536 0.027644230769230768 0.027644230769230768
1 0.5973557692307693 0.35096153846153844 0.019230769230769232 0.027644230769230768
1 0.6153846153846154 0.35216346153846156 0.014423076923076924 0.025240384615384616
1 0.6634615384615384 0.38221153846153844 0.021634615384615384 0.03365384615384615
1 0.6826923076923077 0.3918269230769231 0.019230769230769232 0.025240384615384616
0 0.35216346153846156 0.5324519230769231 0.12980769230769232 0.33653846153846156
0 0.28846153846153844 0.3401442307692308 0.25600961538461536 0.5829326923076923
0 0.35096153846153844 0.7223557692307693 0.27884615384615385 0.11778846153846154
0 0.7175480769230769 0.6045673076923077 0.3713942307692308 0.5721153846153846
0 0.46274038461538464 0.23798076923076922 0.171875 0.31850961538461536
0 0.5504807692307693 0.3329326923076923 0.2439903846153846 0.21033653846153846
0 0.4495192307692308 0.484375 0.15865384615384615 0.2548076923076923