0 0.2620192307692308 0.4170673076923077 0.4543269230769231 0.30408653846153844
0 0.5865384615384616 0.4855769230769231 0.19831730769230768 0.10817307692307693
0 0.47475961538461536 0.31490384615384615 0.17668269230769232 0.10336538461538461
0 0.46634615384615385 0.23918269230769232 0.41586538461538464 0.09014423076923077
0 0.6862980769230769 0.33653846153846156 0.11177884615384616 0.24158653846153846
0 0.6502403846153846 0.23677884615384615 0.49038461538461536 0.41225961538461536
1 0.15985576923076922 0.44711538461538464 0.02403846153846154 0.027644230769230768
1 0.08774038461538461 0.6009615384615384 0.020432692307692308 0.020432692307692308
1 0.10576923076923077 0.5901442307692307 0.016826923076923076 0.021634615384615384
1 0.7584134615384616 0.42427884615384615 0.014423076923076924 0.020432692307692308
1 0.7451923076923077 0.41586538461538464 0.016826923076923076 0.016826923076923076
1 0.6610576923076923 0.33774038461538464 0.03125 0.021634615384615384
1 0.7391826923076923 0.1201923076923077 0.016826923076923076 0.025240384615384616
1 0.7932692307692307 0.11778846153846154 0.018028846153846152 0.020432692307692308
1 0.7836538461538461 0.13701923076923078 0.01201923076923077 0.026442307692307692