0 0.7728365384615384 0.06370192307692307 0.125 0.12620192307692307
1 0.6887019230769231 0.015625 0.02283653846153846 0.020432692307692308
0 0.6947115384615384 0.028846153846153848 0.016826923076923076 0.019230769230769232
1 0.6947115384615384 0.054086538461538464 0.015625 0.021634615384615384
1 0.7391826923076923 0.20192307692307693 0.016826923076923076 0.040865384615384616
1 0.7620192307692307 0.1971153846153846 0.025240384615384616 0.038461538461538464
1 0.04807692307692308 0.5408653846153846 0.04447115384615385 0.05889423076923077
1 0.14423076923076922 0.6153846153846154 0.025240384615384616 0.03125
1 0.17067307692307693 0.59375 0.030048076923076924 0.03125
1 0.1658653846153846 0.640625 0.021634615384615384 0.040865384615384616
0 0.3425480769230769 0.6694711538461539 0.23677884615384615 0.14783653846153846
0 0.328125 0.4543269230769231 0.25721153846153844 0.31009615384615385
0 0.3173076923076923 0.18389423076923078 0.2848557692307692 0.21033653846153846
0 0.33052884615384615 0.1502403846153846 0.24639423076923078 0.25600961538461536
0 0.4206730769230769 0.171875 0.3762019230769231 0.31490384615384615
0 0.6490384615384616 0.09495192307692307 0.47716346153846156 0.18990384615384615