1 0.36658653846153844 0.5084134615384616 0.021634615384615384 0.025240384615384616
1 0.3786057692307692 0.5324519230769231 0.019230769230769232 0.019230769230769232
1 0.3317307692307692 0.5516826923076923 0.020432692307692308 0.026442307692307692
1 0.2932692307692308 0.5420673076923077 0.026442307692307692 0.025240384615384616
1 0.40625 0.5612980769230769 0.015625 0.026442307692307692
1 0.4879807692307692 0.5649038461538461 0.02403846153846154 0.03125
1 0.5300480769230769 0.5348557692307693 0.027644230769230768 0.02403846153846154
0 0.5036057692307693 0.5973557692307693 0.1778846153846154 0.13701923076923078
0 0.32211538461538464 0.4206730769230769 0.2776442307692308 0.3918269230769231
0 0.39783653846153844 0.47475961538461536 0.20673076923076922 0.10096153846153846
0 0.2956730769230769 0.5588942307692307 0.13341346153846154 0.19110576923076922
0 0.1935096153846154 0.40865384615384615 0.16706730769230768 0.20673076923076922
0 0.5372596153846154 0.37259615384615385 0.1814903846153846 0.125
0 0.7259615384615384 0.4170673076923077 0.30528846153846156 0.11177884615384616
0 0.19951923076923078 0.20552884615384615 0.19951923076923078 0.13221153846153846