0 0.27884615384615385 0.4723557692307692 0.08413461538461539 0.18990384615384615
0 0.328125 0.45552884615384615 0.2860576923076923 0.4675480769230769
1 0.39783653846153844 0.3473557692307692 0.02403846153846154 0.027644230769230768
1 0.4014423076923077 0.48677884615384615 0.02283653846153846 0.028846153846153848
1 0.3473557692307692 0.5084134615384616 0.019230769230769232 0.03125
1 0.34134615384615385 0.5492788461538461 0.021634615384615384 0.018028846153846152
1 0.296875 0.5600961538461539 0.018028846153846152 0.021634615384615384
1 0.4483173076923077 0.5985576923076923 0.015625 0.025240384615384616
1 0.546875 0.6213942307692307 0.037259615384615384 0.038461538461538464
1 0.6346153846153846 0.5961538461538461 0.02403846153846154 0.02283653846153846
1 0.6478365384615384 0.5757211538461539 0.021634615384615384 0.019230769230769232
1 0.6995192307692307 0.5288461538461539 0.013221153846153846 0.019230769230769232
1 0.7127403846153846 0.5348557692307693 0.01201923076923077 0.02283653846153846
1 0.6382211538461539 0.40865384615384615 0.015625 0.02283653846153846
1 0.640625 0.390625 0.013221153846153846 0.020432692307692308
0 0.6538461538461539 0.41346153846153844 0.31971153846153844 0.13701923076923078
0 0.4987980769230769 0.3942307692307692 0.19471153846153846 0.19110576923076922
0 0.578125 0.5072115384615384 0.0733173076923077 0.18870192307692307
0 0.3641826923076923 0.4110576923076923 0.1141826923076923 0.08533653846153846
0 0.3173076923076923 0.5456730769230769 0.09495192307692307 0.18509615384615385
0 0.23677884615384615 0.41947115384615385 0.21995192307692307 0.13942307692307693