1 0.13701923076923078 0.4495192307692308 0.039663461538461536 0.06009615384615385
1 0.3473557692307692 0.28846153846153844 0.04447115384615385 0.05048076923076923
1 0.4411057692307692 0.265625 0.036057692307692304 0.040865384615384616
1 0.7235576923076923 0.1201923076923077 0.03365384615384615 0.056490384615384616
1 0.23076923076923078 0.5048076923076923 0.028846153846153848 0.02403846153846154
1 0.08653846153846154 0.5961538461538461 0.021634615384615384 0.020432692307692308
1 0.0673076923076923 0.6045673076923077 0.020432692307692308 0.030048076923076924
1 0.23317307692307693 0.5288461538461539 0.019230769230769232 0.025240384615384616
1 0.24158653846153846 0.546875 0.016826923076923076 0.025240384615384616
1 0.6418269230769231 0.34134615384615385 0.02283653846153846 0.02283653846153846
1 0.6538461538461539 0.36899038461538464 0.010817307692307692 0.018028846153846152
1 0.6658653846153846 0.37740384615384615 0.013221153846153846 0.019230769230769232
1 0.7247596153846154 0.4170673076923077 0.014423076923076924 0.019230769230769232
1 0.7391826923076923 0.4254807692307692 0.014423076923076924 0.02403846153846154
0 0.1622596153846154 0.7944711538461539 0.234375 0.22956730769230768
0 0.4266826923076923 0.3076923076923077 0.2283653846153846 0.140625
0 0.4423076923076923 0.23317307692307693 0.33413461538461536 0.12259615384615384
0 0.49278846153846156 0.3605769230769231 0.109375 0.24759615384615385
0 0.6189903846153846 0.4387019230769231 0.18509615384615385 0.16706730769230768
0 0.7079326923076923 0.3870192307692308 0.18389423076923078 0.2824519230769231
0 0.6466346153846154 0.24759615384615385 0.47115384615384615 0.43990384615384615
0 0.24519230769230768 0.40625 0.49038461538461536 0.3798076923076923