0 0.44711538461538464 0.5865384615384616 0.10336538461538461 0.21514423076923078
0 0.7259615384615384 0.71875 0.47596153846153844 0.28125
0 0.7019230769230769 0.5709134615384616 0.23197115384615385 0.1466346153846154
0 0.6274038461538461 0.36658653846153844 0.24759615384615385 0.32091346153846156
0 0.7151442307692307 0.2608173076923077 0.22596153846153846 0.19831730769230768
0 0.84375 0.22596153846153846 0.2091346153846154 0.21514423076923078
0 0.9314903846153846 0.3641826923076923 0.08533653846153846 0.19230769230769232
0 0.8317307692307693 0.4639423076923077 0.15384615384615385 0.4387019230769231
1 0.35697115384615385 0.609375 0.03365384615384615 0.04447115384615385
1 0.38341346153846156 0.6947115384615384 0.028846153846153848 0.03485576923076923
1 0.3581730769230769 0.7055288461538461 0.021634615384615384 0.03125
1 0.9759615384615384 0.48677884615384615 0.027644230769230768 0.03485576923076923
1 0.9831730769230769 0.23317307692307693 0.026442307692307692 0.03485576923076923