0 0.37259615384615385 0.3485576923076923 0.24759615384615385 0.17668269230769232
0 0.3485576923076923 0.3389423076923077 0.2127403846153846 0.11057692307692307
0 0.5685096153846154 0.3233173076923077 0.18990384615384615 0.14423076923076922
0 0.5276442307692307 0.484375 0.37740384615384615 0.10576923076923077
0 0.3581730769230769 0.6165865384615384 0.45552884615384615 0.33533653846153844
0 0.28846153846153844 0.6045673076923077 0.08173076923076923 0.12980769230769232
0 0.21514423076923078 0.5913461538461539 0.1622596153846154 0.21634615384615385
1 0.42427884615384615 0.5408653846153846 0.026442307692307692 0.038461538461538464
1 0.5060096153846154 0.4483173076923077 0.025240384615384616 0.037259615384615384
1 0.6442307692307693 0.24879807692307693 0.020432692307692308 0.03125
1 0.6790865384615384 0.2548076923076923 0.019230769230769232 0.019230769230769232
1 0.6790865384615384 0.23557692307692307 0.02283653846153846 0.02283653846153846
1 0.7572115384615384 0.46634615384615385 0.026442307692307692 0.027644230769230768
1 0.7391826923076923 0.48197115384615385 0.018028846153846152 0.03365384615384615
0 0.7139423076923077 0.6081730769230769 0.06490384615384616 0.2403846153846154
1 0.3293269230769231 0.8293269230769231 0.015625 0.02283653846153846
1 0.29927884615384615 0.8088942307692307 0.02283653846153846 0.025240384615384616
1 0.31009615384615385 0.8269230769230769 0.015625 0.025240384615384616
1 0.2091346153846154 0.8461538461538461 0.03245192307692308 0.03245192307692308
1 0.14302884615384615 0.8137019230769231 0.018028846153846152 0.019230769230769232
1 0.16105769230769232 0.8882211538461539 0.03485576923076923 0.03245192307692308