1 0.24879807692307693 0.35697115384615385 0.055288461538461536 0.0625
1 0.42427884615384615 0.25841346153846156 0.056490384615384616 0.04447115384615385
1 0.6754807692307693 0.33653846153846156 0.037259615384615384 0.036057692307692304
1 0.7043269230769231 0.38100961538461536 0.054086538461538464 0.040865384615384616
0 0.1935096153846154 0.16706730769230768 0.1466346153846154 0.3329326923076923
0 0.1875 0.7848557692307693 0.27163461538461536 0.18629807692307693
0 0.546875 0.4423076923076923 0.18028846153846154 0.31009615384615385
0 0.453125 0.4987980769230769 0.18269230769230768 0.27283653846153844
0 0.5865384615384616 0.35216346153846156 0.15985576923076922 0.22115384615384615
0 0.5024038461538461 0.16466346153846154 0.49158653846153844 0.2776442307692308
0 0.8581730769230769 0.5769230769230769 0.2824519230769231 0.7584134615384616