1 0.6754807692307693 0.5204326923076923 0.014423076923076924 0.015625
1 0.6682692307692307 0.5096153846153846 0.010817307692307692 0.018028846153846152
1 0.6225961538461539 0.5997596153846154 0.010817307692307692 0.026442307692307692
1 0.6105769230769231 0.5817307692307693 0.014423076923076924 0.015625
1 0.5384615384615384 0.6322115384615384 0.019230769230769232 0.02403846153846154
1 0.6189903846153846 0.421875 0.014423076923076924 0.009615384615384616
1 0.6129807692307693 0.4050480769230769 0.014423076923076924 0.015625
1 0.39903846153846156 0.34615384615384615 0.015625 0.027644230769230768
1 0.35216346153846156 0.5168269230769231 0.016826923076923076 0.03125
1 0.33413461538461536 0.5492788461538461 0.016826923076923076 0.02283653846153846
1 0.2956730769230769 0.5564903846153846 0.016826923076923076 0.02403846153846154
0 0.30649038461538464 0.5649038461538461 0.07211538461538461 0.17307692307692307
0 0.31971153846153844 0.4014423076923077 0.12860576923076922 0.10697115384615384
0 0.5144230769230769 0.39903846153846156 0.2127403846153846 0.14302884615384615
0 0.6394230769230769 0.4230769230769231 0.2776442307692308 0.11778846153846154
0 0.34134615384615385 0.45913461538461536 0.21634615384615385 0.4326923076923077
0 0.21995192307692307 0.40625 0.20072115384615385 0.11658653846153846
0 0.28846153846153844 0.4807692307692308 0.1502403846153846 0.09254807692307693
0 0.53125 0.5889423076923077 0.18028846153846154 0.18028846153846154