0 0.4639423076923077 0.6310096153846154 0.08173076923076923 0.25721153846153844
1 0.35216346153846156 0.6418269230769231 0.02403846153846154 0.04807692307692308
1 0.38341346153846156 0.7379807692307693 0.030048076923076924 0.03125
1 0.34375 0.7439903846153846 0.03365384615384615 0.038461538461538464
1 0.5144230769230769 0.6850961538461539 0.02283653846153846 0.04326923076923077
1 0.5192307692307693 0.7115384615384616 0.014423076923076924 0.02403846153846154
1 0.5348557692307693 0.7247596153846154 0.015625 0.03245192307692308
1 0.9783653846153846 0.19110576923076922 0.042067307692307696 0.06009615384615385
1 0.9819711538461539 0.42788461538461536 0.02403846153846154 0.03245192307692308
1 0.9903846153846154 0.46274038461538464 0.014423076923076924 0.040865384615384616
1 0.9771634615384616 0.4639423076923077 0.014423076923076924 0.018028846153846152
0 0.9206730769230769 0.41947115384615385 0.1141826923076923 0.296875
0 0.6862980769230769 0.22235576923076922 0.23798076923076922 0.33653846153846156
0 0.6225961538461539 0.3473557692307692 0.2764423076923077 0.359375
0 0.7728365384615384 0.5949519230769231 0.21634615384615385 0.15504807692307693
0 0.8401442307692307 0.40024038461538464 0.23918269230769232 0.41346153846153844
0 0.8413461538461539 0.6742788461538461 0.3125 0.33413461538461536