1 0.546875 0.6298076923076923 0.037259615384615384 0.028846153846153848
1 0.8257211538461539 0.5925480769230769 0.02403846153846154 0.042067307692307696
1 0.9170673076923077 0.640625 0.03125 0.03365384615384615
1 0.6310096153846154 0.7223557692307693 0.018028846153846152 0.028846153846153848
1 0.6129807692307693 0.7163461538461539 0.025240384615384616 0.03245192307692308
1 0.6105769230769231 0.7475961538461539 0.030048076923076924 0.027644230769230768
0 0.4170673076923077 0.5612980769230769 0.140625 0.296875
0 0.46153846153846156 0.17668269230769232 0.2439903846153846 0.35216346153846156
0 0.6189903846153846 0.30649038461538464 0.3173076923076923 0.2091346153846154
0 0.5576923076923077 0.5805288461538461 0.40625 0.49278846153846156
0 0.6911057692307693 0.8004807692307693 0.13221153846153846 0.2283653846153846
0 0.8173076923076923 0.5793269230769231 0.25 0.6826923076923077