0 0.6201923076923077 0.4375 0.0673076923076923 0.22235576923076922
0 0.5997596153846154 0.3449519230769231 0.23918269230769232 0.3425480769230769
0 0.5576923076923077 0.5649038461538461 0.22235576923076922 0.13341346153846154
0 0.44711538461538464 0.36778846153846156 0.1502403846153846 0.3076923076923077
1 0.45072115384615385 0.546875 0.021634615384615384 0.027644230769230768
1 0.4519230769230769 0.515625 0.016826923076923076 0.027644230769230768
1 0.7451923076923077 0.4639423076923077 0.014423076923076924 0.021634615384615384
1 0.7524038461538461 0.4807692307692308 0.018028846153846152 0.015625
1 0.6935096153846154 0.5336538461538461 0.013221153846153846 0.021634615384615384
1 0.6814903846153846 0.5420673076923077 0.013221153846153846 0.02403846153846154
1 0.6935096153846154 0.3112980769230769 0.019230769230769232 0.025240384615384616
1 0.6923076923076923 0.3329326923076923 0.016826923076923076 0.019230769230769232
1 0.6526442307692307 0.30649038461538464 0.026442307692307692 0.025240384615384616
1 0.6262019230769231 0.5084134615384616 0.019230769230769232 0.036057692307692304
1 0.5600961538461539 0.5036057692307693 0.021634615384615384 0.030048076923076924
1 0.25961538461538464 0.6201923076923077 0.02283653846153846 0.025240384615384616
1 0.1935096153846154 0.5793269230769231 0.028846153846153848 0.025240384615384616
1 0.171875 0.6021634615384616 0.020432692307692308 0.037259615384615384
0 0.3112980769230769 0.46274038461538464 0.3762019230769231 0.4387019230769231
0 0.21634615384615385 0.390625 0.17427884615384615 0.25841346153846156
0 0.3004807692307692 0.5637019230769231 0.08653846153846154 0.18389423076923078