1 0.8125 0.125 0.030048076923076924 0.055288461538461536
1 0.8605769230769231 0.12620192307692307 0.046875 0.06129807692307692
1 0.7283653846153846 0.33653846153846156 0.021634615384615384 0.03365384615384615
1 0.23076923076923078 0.42427884615384615 0.038461538461538464 0.055288461538461536
1 0.1814903846153846 0.5769230769230769 0.026442307692307692 0.025240384615384616
1 0.15745192307692307 0.5853365384615384 0.02283653846153846 0.03365384615384615
1 0.8317307692307693 0.4326923076923077 0.025240384615384616 0.04567307692307692
1 0.8040865384615384 0.41466346153846156 0.021634615384615384 0.036057692307692304
0 0.42788461538461536 0.23918269230769232 0.2824519230769231 0.140625
0 0.5492788461538461 0.28966346153846156 0.16706730769230768 0.21634615384615385
0 0.4651442307692308 0.4519230769230769 0.24759615384615385 0.19471153846153846
0 0.30288461538461536 0.44471153846153844 0.53125 0.23197115384615385
0 0.6790865384615384 0.20793269230769232 0.5288461538461539 0.33653846153846156