1 0.30288461538461536 0.27524038461538464 0.03365384615384615 0.042067307692307696
1 0.6778846153846154 0.11057692307692307 0.020432692307692308 0.03485576923076923
1 0.09975961538461539 0.44591346153846156 0.03125 0.037259615384615384
1 0.04567307692307692 0.5961538461538461 0.028846153846153848 0.039663461538461536
1 0.02283653846153846 0.6021634615384616 0.021634615384615384 0.03245192307692308
1 0.1875 0.5060096153846154 0.02403846153846154 0.02403846153846154
1 0.19110576923076922 0.5276442307692307 0.02283653846153846 0.015625
1 0.1971153846153846 0.5492788461538461 0.019230769230769232 0.025240384615384616
1 0.7271634615384616 0.11177884615384616 0.013221153846153846 0.020432692307692308
1 0.7151442307692307 0.12620192307692307 0.016826923076923076 0.02283653846153846
1 0.625 0.36658653846153844 0.015625 0.018028846153846152
1 0.6105769230769231 0.3581730769230769 0.010817307692307692 0.019230769230769232
1 0.5985576923076923 0.3293269230769231 0.015625 0.019230769230769232
0 0.11658653846153846 0.8112980769230769 0.11298076923076923 0.17427884615384615
0 0.5853365384615384 0.4014423076923077 0.10096153846153846 0.3557692307692308
0 0.4170673076923077 0.234375 0.30408653846153844 0.140625
0 0.37259615384615385 0.36778846153846156 0.13221153846153846 0.22115384615384615
0 0.4483173076923077 0.4206730769230769 0.07692307692307693 0.359375
0 0.23677884615384615 0.41225961538461536 0.390625 0.484375
0 0.6514423076923077 0.38461538461538464 0.36778846153846156 0.7043269230769231