0 0.6574519230769231 0.24278846153846154 0.14783653846153846 0.34375
0 0.7980769230769231 0.21514423076923078 0.2536057692307692 0.38100961538461536
0 0.8990384615384616 0.14182692307692307 0.20072115384615385 0.27524038461538464
0 0.8665865384615384 0.6189903846153846 0.2620192307692308 0.5841346153846154
0 0.7307692307692307 0.43149038461538464 0.22716346153846154 0.15745192307692307
0 0.6514423076923077 0.5444711538461539 0.25841346153846156 0.2692307692307692
0 0.6165865384615384 0.7475961538461539 0.2283653846153846 0.2439903846153846
1 0.6105769230769231 0.6322115384615384 0.030048076923076924 0.057692307692307696
1 0.5120192307692307 0.5492788461538461 0.054086538461538464 0.056490384615384616
1 0.40865384615384615 0.6622596153846154 0.038461538461538464 0.04326923076923077
1 0.45072115384615385 0.6646634615384616 0.037259615384615384 0.046875