1 0.15625 0.7788461538461539 0.020432692307692308 0.027644230769230768
1 0.3004807692307692 0.16346153846153846 0.021634615384615384 0.03245192307692308
1 0.2091346153846154 0.8353365384615384 0.020432692307692308 0.03245192307692308
1 0.17548076923076922 0.8617788461538461 0.02403846153846154 0.036057692307692304
1 0.31490384615384615 0.7680288461538461 0.016826923076923076 0.021634615384615384
1 0.32211538461538464 0.7836538461538461 0.013221153846153846 0.015625
1 0.33413461538461536 0.7920673076923077 0.013221153846153846 0.019230769230769232
1 0.6730769230769231 0.40865384615384615 0.019230769230769232 0.020432692307692308
1 0.6814903846153846 0.4423076923076923 0.014423076923076924 0.020432692307692308
1 0.6947115384615384 0.42788461538461536 0.013221153846153846 0.013221153846153846
1 0.7475961538461539 0.4338942307692308 0.020432692307692308 0.018028846153846152
1 0.7620192307692307 0.42427884615384615 0.015625 0.018028846153846152
1 0.6923076923076923 0.18870192307692307 0.015625 0.018028846153846152
1 0.6923076923076923 0.20673076923076922 0.013221153846153846 0.02283653846153846
1 0.6538461538461539 0.20552884615384615 0.014423076923076924 0.019230769230769232
0 0.7331730769230769 0.38461538461538464 0.1346153846153846 0.21514423076923078
0 0.5552884615384616 0.4951923076923077 0.3245192307692308 0.31850961538461536
0 0.4230769230769231 0.34975961538461536 0.3401442307692308 0.14903846153846154
0 0.4110576923076923 0.3245192307692308 0.10216346153846154 0.2247596153846154
0 0.3894230769230769 0.44350961538461536 0.21033653846153846 0.13221153846153846
0 0.47475961538461536 0.609375 0.38461538461538464 0.4338942307692308
0 0.28125 0.6057692307692307 0.10576923076923077 0.24879807692307693