0 0.6622596153846154 0.11177884615384616 0.14182692307692307 0.22355769230769232
0 0.4675480769230769 0.19471153846153846 0.47596153846153844 0.20072115384615385
1 0.48677884615384615 0.328125 0.021634615384615384 0.04326923076923077
0 0.30288461538461536 0.2620192307692308 0.4411057692307692 0.5108173076923077
1 0.46634615384615385 0.34134615384615385 0.02403846153846154 0.03365384615384615
1 0.4483173076923077 0.11538461538461539 0.019230769230769232 0.028846153846153848
1 0.4639423076923077 0.13581730769230768 0.02283653846153846 0.02403846153846154
1 0.4543269230769231 0.16826923076923078 0.021634615384615384 0.03245192307692308
1 0.7427884615384616 0.6466346153846154 0.03125 0.042067307692307696
1 0.08173076923076923 0.265625 0.040865384615384616 0.04807692307692308
1 0.22716346153846154 0.8353365384615384 0.03365384615384615 0.057692307692307696
0 0.23076923076923078 0.484375 0.2644230769230769 0.22115384615384615
0 0.16105769230769232 0.36778846153846156 0.31850961538461536 0.22115384615384615