1 0.6490384615384616 0.5132211538461539 0.025240384615384616 0.03125
1 0.6274038461538461 0.4795673076923077 0.018028846153846152 0.027644230769230768
1 0.6117788461538461 0.5805288461538461 0.021634615384615384 0.02283653846153846
1 0.5913461538461539 0.5913461538461539 0.015625 0.03125
1 0.5288461538461539 0.6310096153846154 0.02403846153846154 0.021634615384615384
1 0.44471153846153844 0.5997596153846154 0.02283653846153846 0.021634615384615384
1 0.3545673076923077 0.5060096153846154 0.030048076923076924 0.03245192307692308
1 0.33052884615384615 0.546875 0.030048076923076924 0.028846153846153848
1 0.29447115384615385 0.5408653846153846 0.018028846153846152 0.02403846153846154
0 0.5204326923076923 0.6177884615384616 0.18389423076923078 0.17307692307692307
0 0.3329326923076923 0.46153846153846156 0.22716346153846154 0.4182692307692308
0 0.2860576923076923 0.5492788461538461 0.140625 0.16346153846153846
0 0.2824519230769231 0.4699519230769231 0.14903846153846154 0.06370192307692307
0 0.2800480769230769 0.40625 0.17307692307692307 0.06009615384615385
0 0.5576923076923077 0.375 0.2644230769230769 0.17307692307692307
0 0.6610576923076923 0.39783653846153844 0.3918269230769231 0.11538461538461539
0 0.22235576923076922 0.1814903846153846 0.20552884615384615 0.09254807692307693