1 0.6766826923076923 0.38221153846153844 0.027644230769230768 0.04326923076923077
1 0.6730769230769231 0.09375 0.03365384615384615 0.04927884615384615
1 0.3954326923076923 0.23076923076923078 0.037259615384615384 0.04567307692307692
1 0.3004807692307692 0.25240384615384615 0.037259615384615384 0.03125
1 0.0985576923076923 0.4411057692307692 0.054086538461538464 0.057692307692307696
1 0.6995192307692307 0.3954326923076923 0.019230769230769232 0.02403846153846154
1 0.038461538461538464 0.5901442307692307 0.019230769230769232 0.025240384615384616
1 0.020432692307692308 0.5973557692307693 0.016826923076923076 0.040865384615384616
1 0.18269230769230768 0.5060096153846154 0.019230769230769232 0.02403846153846154
1 0.18389423076923078 0.5288461538461539 0.018028846153846152 0.02403846153846154
1 0.19110576923076922 0.5456730769230769 0.016826923076923076 0.025240384615384616
0 0.6742788461538461 0.5384615384615384 0.26322115384615385 0.7668269230769231
0 0.5228365384615384 0.6274038461538461 0.13341346153846154 0.2704326923076923
0 0.37259615384615385 0.140625 0.24639423076923078 0.16706730769230768
0 0.47115384615384615 0.31850961538461536 0.20793269230769232 0.38100961538461536
0 0.43509615384615385 0.453125 0.10817307692307693 0.38100961538461536
0 0.34615384615384615 0.5204326923076923 0.13701923076923078 0.296875
0 0.11538461538461539 0.78125 0.1622596153846154 0.21033653846153846
0 0.24158653846153846 0.39663461538461536 0.25600961538461536 0.6959134615384616