0 0.45072115384615385 0.28846153846153844 0.17067307692307693 0.11658653846153846
0 0.43149038461538464 0.3629807692307692 0.23317307692307693 0.12860576923076922
1 0.65625 0.22355769230769232 0.02403846153846154 0.03125
1 0.6971153846153846 0.21033653846153846 0.015625 0.013221153846153846
1 0.6947115384615384 0.22596153846153846 0.018028846153846152 0.016826923076923076
1 0.6754807692307693 0.43509615384615385 0.02403846153846154 0.021634615384615384
1 0.6862980769230769 0.46634615384615385 0.014423076923076924 0.02283653846153846
1 0.703125 0.4543269230769231 0.018028846153846152 0.021634615384615384
1 0.7524038461538461 0.45072115384615385 0.009615384615384616 0.020432692307692308
1 0.7680288461538461 0.4483173076923077 0.014423076923076924 0.018028846153846152
1 0.4375 0.5072115384615384 0.025240384615384616 0.036057692307692304
1 0.3389423076923077 0.8052884615384616 0.015625 0.02403846153846154
1 0.3245192307692308 0.8052884615384616 0.013221153846153846 0.025240384615384616
1 0.31971153846153844 0.7800480769230769 0.02403846153846154 0.025240384615384616
1 0.21995192307692307 0.8377403846153846 0.026442307692307692 0.025240384615384616
1 0.15264423076923078 0.7896634615384616 0.026442307692307692 0.03485576923076923
1 0.17668269230769232 0.8665865384615384 0.03125 0.025240384615384616
0 0.28365384615384615 0.5985576923076923 0.09134615384615384 0.19951923076923078
0 0.30649038461538464 0.4483173076923077 0.24158653846153846 0.11298076923076923
0 0.7548076923076923 0.453125 0.09375 0.17908653846153846
0 0.4014423076923077 0.6382211538461539 0.3942307692307692 0.47115384615384615
0 0.5132211538461539 0.4987980769230769 0.3894230769230769 0.2920673076923077