0 0.7920673076923077 0.4423076923076923 0.1814903846153846 0.19951923076923078
1 0.7307692307692307 0.4230769230769231 0.02403846153846154 0.028846153846153848
1 0.859375 0.3701923076923077 0.03245192307692308 0.038461538461538464
1 0.5216346153846154 0.7319711538461539 0.025240384615384616 0.03125
1 0.5204326923076923 0.7668269230769231 0.019230769230769232 0.027644230769230768
1 0.5060096153846154 0.7439903846153846 0.021634615384615384 0.025240384615384616
1 0.4074519230769231 0.6694711538461539 0.021634615384615384 0.05048076923076923
1 0.3389423076923077 0.7836538461538461 0.020432692307692308 0.040865384615384616
1 0.31850961538461536 0.7908653846153846 0.020432692307692308 0.036057692307692304
0 0.42788461538461536 0.6105769230769231 0.08533653846153846 0.3076923076923077
0 0.8293269230769231 0.24278846153846154 0.33413461538461536 0.296875
0 0.9314903846153846 0.18269230769230768 0.13221153846153846 0.14903846153846154
0 0.921875 0.06610576923076923 0.15144230769230768 0.13221153846153846
0 0.49278846153846156 0.20673076923076922 0.32572115384615385 0.23076923076923078
0 0.4795673076923077 0.2980769230769231 0.24639423076923078 0.15144230769230768
0 0.5048076923076923 0.4206730769230769 0.27163461538461536 0.2512019230769231