1 0.42788461538461536 0.6394230769230769 0.038461538461538464 0.037259615384615384
0 0.4495192307692308 0.6310096153846154 0.10817307692307693 0.3389423076923077
1 0.5504807692307693 0.7151442307692307 0.026442307692307692 0.039663461538461536
1 0.5456730769230769 0.7463942307692307 0.019230769230769232 0.039663461538461536
1 0.53125 0.7211538461538461 0.018028846153846152 0.042067307692307696
1 0.3605769230769231 0.7632211538461539 0.02403846153846154 0.03485576923076923
1 0.33052884615384615 0.7668269230769231 0.02283653846153846 0.027644230769230768
1 0.7620192307692307 0.4014423076923077 0.042067307692307696 0.04567307692307692
1 0.890625 0.33774038461538464 0.046875 0.06370192307692307
0 0.9435096153846154 0.16706730769230768 0.11177884615384616 0.17908653846153846
0 0.8389423076923077 0.2127403846153846 0.3173076923076923 0.3389423076923077
0 0.7596153846153846 0.3173076923076923 0.19230769230769232 0.22956730769230768
0 0.6694711538461539 0.3737980769230769 0.16947115384615385 0.25240384615384615
0 0.6045673076923077 0.21394230769230768 0.24519230769230768 0.22115384615384615
0 0.5252403846153846 0.328125 0.140625 0.36778846153846156
0 0.7019230769230769 0.7319711538461539 0.40384615384615385 0.53125