1 0.40625 0.5048076923076923 0.026442307692307692 0.04326923076923077
1 0.4495192307692308 0.5925480769230769 0.018028846153846152 0.037259615384615384
1 0.43509615384615385 0.6153846153846154 0.014423076923076924 0.03485576923076923
1 0.5612980769230769 0.6117788461538461 0.019230769230769232 0.021634615384615384
1 0.6706730769230769 0.5805288461538461 0.014423076923076924 0.02403846153846154
1 0.6610576923076923 0.5925480769230769 0.010817307692307692 0.020432692307692308
1 0.7223557692307693 0.5288461538461539 0.015625 0.018028846153846152
1 0.7319711538461539 0.5444711538461539 0.010817307692307692 0.015625
1 0.671875 0.4182692307692308 0.020432692307692308 0.014423076923076924
1 0.6634615384615384 0.4411057692307692 0.013221153846153846 0.020432692307692308
1 0.6346153846153846 0.4050480769230769 0.02283653846153846 0.03245192307692308
1 0.3173076923076923 0.5733173076923077 0.015625 0.019230769230769232
1 0.3004807692307692 0.5552884615384616 0.013221153846153846 0.028846153846153848
1 0.27524038461538464 0.5853365384615384 0.016826923076923076 0.030048076923076924
1 0.38100961538461536 0.33774038461538464 0.03485576923076923 0.039663461538461536
0 0.6141826923076923 0.4206730769230769 0.26322115384615385 0.2956730769230769
0 0.6466346153846154 0.5072115384615384 0.15985576923076922 0.1814903846153846
0 0.45913461538461536 0.42788461538461536 0.18990384615384615 0.27163461538461536
0 0.35096153846153844 0.5228365384615384 0.26322115384615385 0.4519230769230769
0 0.3076923076923077 0.5853365384615384 0.08173076923076923 0.17668269230769232
0 0.2247596153846154 0.41586538461538464 0.17908653846153846 0.15625