1 0.25841346153846156 0.40865384615384615 0.040865384615384616 0.04927884615384615
1 0.23197115384615385 0.4170673076923077 0.025240384615384616 0.042067307692307696
1 0.328125 0.2620192307692308 0.046875 0.055288461538461536
1 0.4723557692307692 0.2848557692307692 0.026442307692307692 0.036057692307692304
1 0.45072115384615385 0.29447115384615385 0.026442307692307692 0.03125
1 0.4723557692307692 0.32091346153846156 0.030048076923076924 0.046875
0 0.6790865384615384 0.21394230769230768 0.28365384615384615 0.23798076923076922
0 0.7668269230769231 0.20432692307692307 0.2403846153846154 0.4074519230769231
0 0.5576923076923077 0.09254807692307693 0.10817307692307693 0.18509615384615385
0 0.4543269230769231 0.13701923076923078 0.13221153846153846 0.27403846153846156
0 0.17427884615384615 0.1045673076923077 0.3485576923076923 0.2091346153846154