1 0.6346153846153846 0.5060096153846154 0.021634615384615384 0.025240384615384616
1 0.6153846153846154 0.4831730769230769 0.018028846153846152 0.026442307692307692
1 0.6009615384615384 0.578125 0.02283653846153846 0.025240384615384616
1 0.5841346153846154 0.5841346153846154 0.013221153846153846 0.020432692307692308
1 0.5216346153846154 0.640625 0.02283653846153846 0.027644230769230768
1 0.4387019230769231 0.6009615384615384 0.018028846153846152 0.03245192307692308
1 0.35697115384615385 0.5120192307692307 0.018028846153846152 0.02403846153846154
1 0.3233173076923077 0.5504807692307693 0.019230769230769232 0.027644230769230768
1 0.28725961538461536 0.5384615384615384 0.021634615384615384 0.028846153846153848
0 0.5528846153846154 0.3858173076923077 0.21995192307692307 0.18870192307692307
0 0.6802884615384616 0.3942307692307692 0.34615384615384615 0.1045673076923077
0 0.5216346153846154 0.6129807692307693 0.17067307692307693 0.1310096153846154
0 0.33413461538461536 0.4411057692307692 0.2620192307692308 0.4326923076923077
0 0.296875 0.5588942307692307 0.10576923076923077 0.14903846153846154
0 0.31009615384615385 0.47115384615384615 0.17067307692307693 0.08774038461538461
0 0.2548076923076923 0.41346153846153844 0.17307692307692307 0.09134615384615384