1 0.6514423076923077 0.49759615384615385 0.016826923076923076 0.02403846153846154
1 0.6622596153846154 0.515625 0.019230769230769232 0.02403846153846154
1 0.6129807692307693 0.5829326923076923 0.010817307692307692 0.018028846153846152
1 0.5985576923076923 0.5829326923076923 0.016826923076923076 0.021634615384615384
1 0.5300480769230769 0.6298076923076923 0.02283653846153846 0.02283653846153846
1 0.43990384615384615 0.5985576923076923 0.020432692307692308 0.030048076923076924
1 0.3557692307692308 0.5120192307692307 0.019230769230769232 0.03365384615384615
1 0.3317307692307692 0.5456730769230769 0.015625 0.02283653846153846
1 0.2932692307692308 0.5480769230769231 0.019230769230769232 0.03125
0 0.2920673076923077 0.5492788461538461 0.0985576923076923 0.18389423076923078
0 0.29447115384615385 0.47475961538461536 0.16947115384615385 0.08173076923076923
0 0.29927884615384615 0.4050480769230769 0.1502403846153846 0.09254807692307693
0 0.5228365384615384 0.5973557692307693 0.19831730769230768 0.17307692307692307
0 0.33533653846153844 0.4543269230769231 0.22355769230769232 0.4387019230769231
0 0.5480769230769231 0.3870192307692308 0.26322115384615385 0.18870192307692307
0 0.6574519230769231 0.3918269230769231 0.36778846153846156 0.14903846153846154