0 0.39903846153846156 0.5721153846153846 0.1141826923076923 0.22115384615384615
0 0.6189903846153846 0.5192307692307693 0.22235576923076922 0.12980769230769232
0 0.5841346153846154 0.3161057692307692 0.3473557692307692 0.3293269230769231
0 0.6923076923076923 0.27403846153846156 0.18389423076923078 0.20793269230769232
0 0.8052884615384616 0.24278846153846154 0.15985576923076922 0.13341346153846154
0 0.7319711538461539 0.4639423076923077 0.19110576923076922 0.3557692307692308
0 0.6045673076923077 0.7331730769230769 0.5132211538461539 0.23557692307692307
1 0.27283653846153844 0.6021634615384616 0.025240384615384616 0.04807692307692308
1 0.9579326923076923 0.49278846153846156 0.03245192307692308 0.039663461538461536
1 0.8846153846153846 0.46634615384615385 0.036057692307692304 0.03125
1 0.8834134615384616 0.42908653846153844 0.037259615384615384 0.042067307692307696
1 0.8990384615384616 0.21995192307692307 0.028846153846153848 0.046875
1 0.9411057692307693 0.2127403846153846 0.040865384615384616 0.02403846153846154
1 0.9350961538461539 0.234375 0.03125 0.027644230769230768
1 0.31009615384615385 0.6826923076923077 0.028846153846153848 0.04567307692307692
1 0.27163461538461536 0.6947115384615384 0.03365384615384615 0.038461538461538464