1 0.25240384615384615 0.5661057692307693 0.020432692307692308 0.038461538461538464
1 0.27283653846153844 0.5685096153846154 0.020432692307692308 0.037259615384615384
1 0.44591346153846156 0.6129807692307693 0.018028846153846152 0.028846153846153848
1 0.46634615384615385 0.5877403846153846 0.020432692307692308 0.03485576923076923
1 0.4483173076923077 0.5853365384615384 0.015625 0.02403846153846154
1 0.3786057692307692 0.5 0.028846153846153848 0.04326923076923077
1 0.6466346153846154 0.4639423076923077 0.026442307692307692 0.03485576923076923
1 0.9086538461538461 0.6033653846153846 0.02283653846153846 0.030048076923076924
1 0.9435096153846154 0.7175480769230769 0.018028846153846152 0.03365384615384615
1 0.921875 0.7091346153846154 0.020432692307692308 0.03245192307692308
1 0.921875 0.6322115384615384 0.016826923076923076 0.020432692307692308
1 0.9074519230769231 0.6418269230769231 0.026442307692307692 0.025240384615384616
0 0.3870192307692308 0.6802884615384616 0.18269230769230768 0.18509615384615385
0 0.40865384615384615 0.5697115384615384 0.39663461538461536 0.5588942307692307
0 0.40625 0.3485576923076923 0.1310096153846154 0.33052884615384615
0 0.3918269230769231 0.1935096153846154 0.14903846153846154 0.3870192307692308
0 0.5805288461538461 0.20072115384615385 0.22596153846153846 0.22115384615384615
0 0.6141826923076923 0.3112980769230769 0.18990384615384615 0.3401442307692308
0 0.7355769230769231 0.4567307692307692 0.48197115384615385 0.328125
0 0.8389423076923077 0.5384615384615384 0.07932692307692307 0.20793269230769232