1 0.640625 0.4206730769230769 0.013221153846153846 0.016826923076923076
1 0.7043269230769231 0.5348557692307693 0.010817307692307692 0.020432692307692308
1 0.71875 0.5480769230769231 0.015625 0.02283653846153846
1 0.6466346153846154 0.5889423076923077 0.015625 0.019230769230769232
1 0.6394230769230769 0.6045673076923077 0.013221153846153846 0.02283653846153846
1 0.5528846153846154 0.6274038461538461 0.016826923076923076 0.026442307692307692
1 0.44591346153846156 0.6057692307692307 0.018028846153846152 0.025240384615384616
1 0.4014423076923077 0.49399038461538464 0.016826923076923076 0.015625
1 0.35096153846153844 0.5180288461538461 0.019230769230769232 0.019230769230769232
1 0.3389423076923077 0.5564903846153846 0.020432692307692308 0.027644230769230768
1 0.2932692307692308 0.5709134615384616 0.02403846153846154 0.028846153846153848
1 0.39903846153846156 0.3557692307692308 0.02283653846153846 0.030048076923076924
1 0.640625 0.40024038461538464 0.020432692307692308 0.021634615384615384
0 0.24158653846153846 0.4411057692307692 0.20072115384615385 0.14302884615384615
0 0.265625 0.5216346153846154 0.10336538461538461 0.2860576923076923
0 0.32091346153846156 0.5757211538461539 0.09014423076923077 0.12259615384615384
0 0.36177884615384615 0.39783653846153844 0.11778846153846154 0.13581730769230768
0 0.3293269230769231 0.484375 0.27524038461538464 0.43028846153846156
0 0.48197115384615385 0.40384615384615385 0.21634615384615385 0.20793269230769232
0 0.5985576923076923 0.48197115384615385 0.12139423076923077 0.17067307692307693
0 0.6394230769230769 0.4014423076923077 0.3449519230769231 0.18389423076923078