1 0.8798076923076923 0.21754807692307693 0.03365384615384615 0.04567307692307692
1 0.9867788461538461 0.1346153846153846 0.021634615384615384 0.0625
1 0.9014423076923077 0.06009615384615385 0.030048076923076924 0.04326923076923077
1 0.9411057692307693 0.008413461538461538 0.027644230769230768 0.016826923076923076
1 0.8329326923076923 0.19471153846153846 0.025240384615384616 0.054086538461538464
1 0.8449519230769231 0.33653846153846156 0.038461538461538464 0.056490384615384616
1 0.8389423076923077 0.4387019230769231 0.026442307692307692 0.055288461538461536
1 0.6514423076923077 0.3545673076923077 0.051682692307692304 0.06490384615384616
1 0.5769230769230769 0.4362980769230769 0.04807692307692308 0.08052884615384616
1 0.5637019230769231 0.26322115384615385 0.028846153846153848 0.040865384615384616
1 0.5072115384615384 0.21754807692307693 0.03365384615384615 0.05048076923076923
1 0.5432692307692307 0.2932692307692308 0.025240384615384616 0.04927884615384615
1 0.5036057692307693 0.3449519230769231 0.03365384615384615 0.036057692307692304
1 0.4206730769230769 0.2920673076923077 0.030048076923076924 0.037259615384615384
1 0.6201923076923077 0.6850961538461539 0.040865384615384616 0.04326923076923077
1 0.2608173076923077 0.6177884615384616 0.04326923076923077 0.04447115384615385
1 0.12139423076923077 0.5612980769230769 0.040865384615384616 0.054086538461538464
1 0.028846153846153848 0.6754807692307693 0.057692307692307696 0.0733173076923077
1 0.37740384615384615 0.8040865384615384 0.03365384615384615 0.04326923076923077
1 0.3233173076923077 0.7680288461538461 0.03245192307692308 0.037259615384615384
1 0.3076923076923077 0.7848557692307693 0.02283653846153846 0.02283653846153846
1 0.31490384615384615 0.8088942307692307 0.02403846153846154 0.03125
1 0.3269230769230769 0.7920673076923077 0.019230769230769232 0.018028846153846152
1 0.33774038461538464 0.7920673076923077 0.019230769230769232 0.019230769230769232
1 0.3293269230769231 0.8112980769230769 0.018028846153846152 0.025240384615384616
1 0.34375 0.8137019230769231 0.020432692307692308 0.030048076923076924
1 0.23918269230769232 0.9747596153846154 0.02283653846153846 0.027644230769230768
1 0.2608173076923077 0.9819711538461539 0.02283653846153846 0.02403846153846154
0 0.9122596153846154 0.3942307692307692 0.17067307692307693 0.30288461538461536
0 0.7704326923076923 0.203125 0.24759615384615385 0.203125
0 0.7560096153846154 0.07572115384615384 0.3076923076923077 0.14423076923076922
0 0.36899038461538464 0.055288461538461536 0.3713942307692308 0.1045673076923077
0 0.4050480769230769 0.21514423076923078 0.40024038461538464 0.19591346153846154
0 0.453125 0.359375 0.5408653846153846 0.26322115384615385
0 0.2932692307692308 0.5673076923076923 0.3713942307692308 0.39783653846153844
0 0.38341346153846156 0.9014423076923077 0.30288461538461536 0.17067307692307693
0 0.10576923076923077 0.8810096153846154 0.16706730769230768 0.23677884615384615