1 0.203125 0.21033653846153846 0.037259615384615384 0.05048076923076923
1 0.21995192307692307 0.16346153846153846 0.039663461538461536 0.046875
1 0.22716346153846154 0.08413461538461539 0.037259615384615384 0.04567307692307692
1 0.09735576923076923 0.1502403846153846 0.03365384615384615 0.03365384615384615
1 0.06370192307692307 0.16346153846153846 0.03125 0.02403846153846154
1 0.04807692307692308 0.2091346153846154 0.03125 0.046875
1 0.015625 0.46634615384615385 0.03125 0.04326923076923077
1 0.7908653846153846 0.06009615384615385 0.036057692307692304 0.039663461538461536
1 0.2824519230769231 0.24639423076923078 0.030048076923076924 0.028846153846153848
0 0.6838942307692307 0.6742788461538461 0.21754807692307693 0.3173076923076923
0 0.5420673076923077 0.32091346153846156 0.43990384615384615 0.3605769230769231
0 0.3329326923076923 0.3112980769230769 0.2980769230769231 0.5348557692307693
0 0.34134615384615385 0.17668269230769232 0.19230769230769232 0.24759615384615385
0 0.38822115384615385 0.5889423076923077 0.27884615384615385 0.20552884615384615
0 0.2439903846153846 0.8413461538461539 0.28966346153846156 0.3161057692307692
0 0.33413461538461536 0.7944711538461539 0.33052884615384615 0.4098557692307692