1 0.15625 0.036057692307692304 0.020432692307692308 0.028846153846153848
1 0.16947115384615385 0.052884615384615384 0.014423076923076924 0.02283653846153846
1 0.1346153846153846 0.055288461538461536 0.021634615384615384 0.02283653846153846
1 0.15745192307692307 0.06850961538461539 0.020432692307692308 0.025240384615384616
1 0.14783653846153846 0.0889423076923077 0.027644230769230768 0.027644230769230768
1 0.12139423076923077 0.21995192307692307 0.026442307692307692 0.030048076923076924
1 0.1141826923076923 0.24639423076923078 0.021634615384615384 0.030048076923076924
1 0.09735576923076923 0.23677884615384615 0.016826923076923076 0.021634615384615384
1 0.07451923076923077 0.2283653846153846 0.02283653846153846 0.030048076923076924
1 0.026442307692307692 0.4807692307692308 0.038461538461538464 0.046875
1 0.11658653846153846 0.5576923076923077 0.028846153846153848 0.028846153846153848
1 0.10096153846153846 0.5877403846153846 0.03485576923076923 0.038461538461538464
1 0.35216346153846156 0.35336538461538464 0.039663461538461536 0.025240384615384616
1 0.34134615384615385 0.37740384615384615 0.042067307692307696 0.026442307692307692
1 0.33413461538461536 0.4050480769230769 0.02403846153846154 0.027644230769230768
1 0.3293269230769231 0.4254807692307692 0.03365384615384615 0.02283653846153846
1 0.18269230769230768 0.4879807692307692 0.038461538461538464 0.02403846153846154
1 0.4963942307692308 0.140625 0.04927884615384615 0.04807692307692308
1 0.6862980769230769 0.34615384615384615 0.04927884615384615 0.042067307692307696
0 0.11057692307692307 0.5288461538461539 0.18269230769230768 0.2824519230769231
0 0.32572115384615385 0.4963942307692308 0.38822115384615385 0.19230769230769232
0 0.38461538461538464 0.2644230769230769 0.6009615384615384 0.5288461538461539
0 0.7632211538461539 0.11057692307692307 0.37740384615384615 0.22115384615384615
0 0.7091346153846154 0.18990384615384615 0.29447115384615385 0.20793269230769232
0 0.6923076923076923 0.6899038461538461 0.2980769230769231 0.37259615384615385