0 0.8834134615384616 0.2620192307692308 0.2283653846153846 0.10576923076923077
0 0.7067307692307693 0.21153846153846154 0.5793269230769231 0.21754807692307693
0 0.7415865384615384 0.07451923076923077 0.21875 0.13341346153846154
0 0.546875 0.07692307692307693 0.21514423076923078 0.1201923076923077
0 0.49759615384615385 0.546875 0.20673076923076922 0.29447115384615385
0 0.6105769230769231 0.515625 0.6045673076923077 0.21875
0 0.7415865384615384 0.8112980769230769 0.33774038461538464 0.16826923076923078
0 0.11057692307692307 0.22716346153846154 0.21995192307692307 0.18269230769230768
1 0.04567307692307692 0.43149038461538464 0.02403846153846154 0.03125
1 0.0733173076923077 0.44591346153846156 0.019230769230769232 0.03485576923076923
1 0.07572115384615384 0.4831730769230769 0.026442307692307692 0.036057692307692304
1 0.1141826923076923 0.41947115384615385 0.03245192307692308 0.036057692307692304
1 0.12379807692307693 0.3125 0.027644230769230768 0.037259615384615384
1 0.21634615384615385 0.2860576923076923 0.016826923076923076 0.02283653846153846
1 0.21995192307692307 0.26322115384615385 0.02283653846153846 0.019230769230769232
1 0.23798076923076922 0.26322115384615385 0.018028846153846152 0.027644230769230768
1 0.2439903846153846 0.2860576923076923 0.02283653846153846 0.02283653846153846
1 0.2848557692307692 0.24278846153846154 0.02283653846153846 0.025240384615384616
1 0.29447115384615385 0.21394230769230768 0.025240384615384616 0.03125
1 0.3329326923076923 0.23197115384615385 0.025240384615384616 0.025240384615384616
1 0.38461538461538464 0.12620192307692307 0.028846153846153848 0.036057692307692304
1 0.36778846153846156 0.08653846153846154 0.03245192307692308 0.039663461538461536
1 0.4879807692307692 0.38100961538461536 0.021634615384615384 0.027644230769230768
1 0.5072115384615384 0.38100961538461536 0.020432692307692308 0.025240384615384616
1 0.5192307692307693 0.38461538461538464 0.015625 0.025240384615384616
1 0.5360576923076923 0.36778846153846156 0.018028846153846152 0.027644230769230768
1 0.5480769230769231 0.7584134615384616 0.025240384615384616 0.038461538461538464
1 0.5709134615384616 0.7451923076923077 0.026442307692307692 0.03245192307692308
1 0.9423076923076923 0.3293269230769231 0.028846153846153848 0.03245192307692308
1 0.8533653846153846 0.3942307692307692 0.02283653846153846 0.027644230769230768
1 0.875 0.4050480769230769 0.016826923076923076 0.015625
1 0.8569711538461539 0.4230769230769231 0.02283653846153846 0.030048076923076924
1 0.8713942307692307 0.43509615384615385 0.015625 0.025240384615384616
1 0.8882211538461539 0.4230769230769231 0.015625 0.02283653846153846
1 0.8882211538461539 0.4495192307692308 0.015625 0.02403846153846154