1 0.20432692307692307 0.06370192307692307 0.030048076923076924 0.028846153846153848
1 0.18509615384615385 0.051682692307692304 0.016826923076923076 0.03125
1 0.17067307692307693 0.06850961538461539 0.018028846153846152 0.028846153846153848
1 0.39302884615384615 0.18028846153846154 0.046875 0.04927884615384615
1 0.44711538461538464 0.13942307692307693 0.018028846153846152 0.046875
1 0.4543269230769231 0.05889423076923077 0.021634615384615384 0.027644230769230768
1 0.4795673076923077 0.0829326923076923 0.030048076923076924 0.042067307692307696
1 0.5288461538461539 0.3293269230769231 0.03245192307692308 0.042067307692307696
1 0.484375 0.4170673076923077 0.03245192307692308 0.027644230769230768
1 0.3713942307692308 0.296875 0.03365384615384615 0.04927884615384615
1 0.8137019230769231 0.2956730769230769 0.027644230769230768 0.042067307692307696
1 0.8137019230769231 0.4254807692307692 0.040865384615384616 0.056490384615384616
1 0.8173076923076923 0.5540865384615384 0.04567307692307692 0.05889423076923077
1 0.7355769230769231 0.48677884615384615 0.03365384615384615 0.036057692307692304
1 0.6418269230769231 0.5240384615384616 0.030048076923076924 0.04326923076923077
1 0.7067307692307693 0.4170673076923077 0.037259615384615384 0.027644230769230768
1 0.7043269230769231 0.4483173076923077 0.01201923076923077 0.025240384615384616
1 0.6875 0.4411057692307692 0.021634615384615384 0.03485576923076923
1 0.026442307692307692 0.703125 0.025240384615384616 0.038461538461538464
0 0.3425480769230769 0.5336538461538461 0.29086538461538464 0.20552884615384615
0 0.7115384615384616 0.35697115384615385 0.49399038461538464 0.4963942307692308
0 0.6658653846153846 0.05048076923076923 0.5096153846153846 0.09134615384615384
0 0.6730769230769231 0.6274038461538461 0.3125 0.1622596153846154
0 0.47836538461538464 0.6947115384615384 0.1814903846153846 0.27884615384615385
0 0.6189903846153846 0.8401442307692307 0.22596153846153846 0.23918269230769232
0 0.4026442307692308 0.8185096153846154 0.1875 0.29927884615384615
0 0.21634615384615385 0.875 0.4326923076923077 0.21995192307692307