1 0.2644230769230769 0.1814903846153846 0.03485576923076923 0.038461538461538464
1 0.4206730769230769 0.1466346153846154 0.021634615384615384 0.04567307692307692
1 0.45072115384615385 0.17668269230769232 0.025240384615384616 0.055288461538461536
1 0.4735576923076923 0.17908653846153846 0.021634615384615384 0.03485576923076923
1 0.4951923076923077 0.17307692307692307 0.025240384615384616 0.04567307692307692
1 0.4254807692307692 0.18389423076923078 0.030048076923076924 0.03365384615384615
1 0.42908653846153844 0.41346153846153844 0.038461538461538464 0.052884615384615384
1 0.38221153846153844 0.4387019230769231 0.021634615384615384 0.037259615384615384
1 0.7908653846153846 0.4387019230769231 0.040865384615384616 0.051682692307692304
1 0.7920673076923077 0.5528846153846154 0.04567307692307692 0.054086538461538464
1 0.6875 0.6694711538461539 0.030048076923076924 0.03365384615384615
1 0.6418269230769231 0.5985576923076923 0.037259615384615384 0.054086538461538464
1 0.5420673076923077 0.5048076923076923 0.040865384615384616 0.04447115384615385
1 0.6658653846153846 0.5733173076923077 0.02403846153846154 0.016826923076923076
1 0.6550480769230769 0.5456730769230769 0.025240384615384616 0.036057692307692304
1 0.6754807692307693 0.5528846153846154 0.019230769230769232 0.03245192307692308
0 0.3581730769230769 0.9182692307692307 0.10576923076923077 0.15865384615384615
0 0.4579326923076923 0.8954326923076923 0.234375 0.11658653846153846
0 0.421875 0.828125 0.09134615384615384 0.33052884615384615
0 0.7524038461538461 0.6069711538461539 0.21394230769230768 0.3545673076923077
0 0.609375 0.47115384615384615 0.38461538461538464 0.578125
0 0.31490384615384615 0.4423076923076923 0.23798076923076922 0.25841346153846156
0 0.6262019230769231 0.06370192307692307 0.32211538461538464 0.12620192307692307
0 0.25240384615384615 0.08413461538461539 0.17908653846153846 0.16826923076923078
0 0.18509615384615385 0.8016826923076923 0.36899038461538464 0.3954326923076923