1 0.125 0.1971153846153846 0.038461538461538464 0.055288461538461536
1 0.13701923076923078 0.3245192307692308 0.06009615384615385 0.04927884615384615
1 0.7788461538461539 0.11658653846153846 0.056490384615384616 0.05889423076923077
1 0.9795673076923077 0.21514423076923078 0.039663461538461536 0.040865384615384616
1 0.8449519230769231 0.036057692307692304 0.04326923076923077 0.056490384615384616
1 0.7608173076923077 0.04326923076923077 0.04326923076923077 0.039663461538461536
1 0.6382211538461539 0.1346153846153846 0.037259615384615384 0.052884615384615384
1 0.5276442307692307 0.3894230769230769 0.052884615384615384 0.04807692307692308
1 0.25841346153846156 0.7908653846153846 0.027644230769230768 0.04567307692307692
1 0.22716346153846154 0.7860576923076923 0.036057692307692304 0.042067307692307696
1 0.24759615384615385 0.8197115384615384 0.03365384615384615 0.036057692307692304
1 0.27283653846153844 0.9783653846153846 0.03125 0.038461538461538464
1 0.2980769230769231 0.9771634615384616 0.037259615384615384 0.036057692307692304
1 0.109375 0.9423076923076923 0.06971153846153846 0.05889423076923077
1 0.056490384615384616 0.7451923076923077 0.03485576923076923 0.03365384615384615
1 0.03125 0.7403846153846154 0.03485576923076923 0.042067307692307696
1 0.038461538461538464 0.7139423076923077 0.037259615384615384 0.037259615384615384
1 0.036057692307692304 0.6682692307692307 0.04447115384615385 0.027644230769230768
0 0.5204326923076923 0.051682692307692304 0.37740384615384615 0.10336538461538461
0 0.7283653846153846 0.19951923076923078 0.5396634615384616 0.3713942307692308
0 0.8473557692307693 0.3737980769230769 0.30408653846153844 0.15745192307692307
0 0.6826923076923077 0.6081730769230769 0.31490384615384615 0.16706730769230768
0 0.6454326923076923 0.8209134615384616 0.31009615384615385 0.12259615384615384
0 0.36658653846153844 0.4326923076923077 0.4639423076923077 0.7283653846153846