1 0.08413461538461539 0.39302884615384615 0.04447115384615385 0.06009615384615385
1 0.9074519230769231 0.051682692307692304 0.04326923076923077 0.054086538461538464
1 0.5300480769230769 0.016826923076923076 0.03125 0.03365384615384615
1 0.43149038461538464 0.046875 0.03365384615384615 0.06129807692307692
1 0.3918269230769231 0.203125 0.051682692307692304 0.052884615384615384
1 0.3233173076923077 0.19110576923076922 0.03365384615384615 0.055288461538461536
1 0.3112980769230769 0.23677884615384615 0.038461538461538464 0.04447115384615385
1 0.2860576923076923 0.2860576923076923 0.025240384615384616 0.040865384615384616
1 0.23197115384615385 0.3004807692307692 0.027644230769230768 0.027644230769230768
1 0.24639423076923078 0.30649038461538464 0.02403846153846154 0.03485576923076923
1 0.2548076923076923 0.3293269230769231 0.030048076923076924 0.028846153846153848
1 0.2283653846153846 0.32572115384615385 0.014423076923076924 0.036057692307692304
1 0.14302884615384615 0.328125 0.037259615384615384 0.040865384615384616
1 0.7115384615384616 0.46875 0.04567307692307692 0.05889423076923077
1 0.9483173076923077 0.4807692307692308 0.040865384615384616 0.07932692307692307
1 0.265625 0.734375 0.04447115384615385 0.06490384615384616
1 0.3389423076923077 0.875 0.025240384615384616 0.03365384615384615
1 0.3545673076923077 0.9050480769230769 0.021634615384615384 0.04447115384615385
1 0.6370192307692307 0.6622596153846154 0.027644230769230768 0.026442307692307692
1 0.6526442307692307 0.6334134615384616 0.027644230769230768 0.028846153846153848
1 0.6262019230769231 0.6358173076923077 0.019230769230769232 0.016826923076923076
1 0.640625 0.6105769230769231 0.018028846153846152 0.02403846153846154
1 0.6225961538461539 0.6153846153846154 0.016826923076923076 0.020432692307692308
1 0.6334134615384616 0.5925480769230769 0.021634615384615384 0.02403846153846154
1 0.36177884615384615 0.49038461538461536 0.03245192307692308 0.03365384615384615
1 0.34134615384615385 0.5084134615384616 0.02403846153846154 0.019230769230769232
1 0.3173076923076923 0.5144230769230769 0.02403846153846154 0.03125
0 0.2824519230769231 0.41346153846153844 0.2127403846153846 0.25240384615384615
0 0.5528846153846154 0.29927884615384615 0.5925480769230769 0.46875
0 0.6490384615384616 0.19471153846153846 0.3317307692307692 0.16947115384615385
0 0.6742788461538461 0.078125 0.4050480769230769 0.12740384615384615
0 0.84375 0.3088942307692308 0.2932692307692308 0.21875
0 0.703125 0.5721153846153846 0.44711538461538464 0.35216346153846156
0 0.6971153846153846 0.8605769230769231 0.35336538461538464 0.19230769230769232
0 0.41225961538461536 0.5793269230769231 0.1971153846153846 0.3473557692307692
0 0.07451923076923077 0.3125 0.14783653846153846 0.2127403846153846