1 0.5576923076923077 0.15865384615384615 0.037259615384615384 0.04807692307692308
1 0.5877403846153846 0.484375 0.036057692307692304 0.04447115384615385
1 0.18389423076923078 0.15745192307692307 0.036057692307692304 0.042067307692307696
1 0.11899038461538461 0.41947115384615385 0.04927884615384615 0.0625
1 0.18509615384615385 0.7091346153846154 0.046875 0.051682692307692304
1 0.5576923076923077 0.23677884615384615 0.015625 0.03245192307692308
1 0.5396634615384616 0.2439903846153846 0.013221153846153846 0.02403846153846154
1 0.5516826923076923 0.2692307692307692 0.020432692307692308 0.028846153846153848
1 0.5276442307692307 0.26322115384615385 0.021634615384615384 0.039663461538461536
0 0.5192307692307693 0.31850961538461536 0.2764423076923077 0.24519230769230768
0 0.6201923076923077 0.7019230769230769 0.24278846153846154 0.3557692307692308
0 0.36658653846153844 0.8016826923076923 0.30649038461538464 0.24759615384615385
0 0.20552884615384615 0.46153846153846156 0.3245192307692308 0.5600961538461539
0 0.3449519230769231 0.2127403846153846 0.3329326923076923 0.19591346153846154
0 0.33653846153846156 0.06490384615384616 0.36899038461538464 0.12980769230769232
0 0.1346153846153846 0.609375 0.2692307692307692 0.6069711538461539