1 0.6947115384615384 0.06490384615384616 0.03485576923076923 0.04567307692307692
1 0.7475961538461539 0.01201923076923077 0.03365384615384615 0.02403846153846154
1 0.7079326923076923 0.15625 0.02403846153846154 0.03125
1 0.7259615384615384 0.20793269230769232 0.027644230769230768 0.038461538461538464
1 0.6790865384615384 0.13942307692307693 0.030048076923076924 0.04567307692307692
1 0.6358173076923077 0.27163461538461536 0.036057692307692304 0.05048076923076923
1 0.6213942307692307 0.33413461538461536 0.042067307692307696 0.042067307692307696
1 0.5829326923076923 0.47716346153846156 0.030048076923076924 0.038461538461538464
1 0.48197115384615385 0.5084134615384616 0.030048076923076924 0.04447115384615385
1 0.6394230769230769 0.5408653846153846 0.03125 0.052884615384615384
1 0.6682692307692307 0.5829326923076923 0.028846153846153848 0.039663461538461536
1 0.78125 0.5264423076923077 0.04807692307692308 0.04927884615384615
1 0.7740384615384616 0.4807692307692308 0.025240384615384616 0.037259615384615384
1 0.7331730769230769 0.6237980769230769 0.030048076923076924 0.03125
1 0.6995192307692307 0.6442307692307693 0.025240384615384616 0.04326923076923077
1 0.7151442307692307 0.6983173076923077 0.021634615384615384 0.03365384615384615
1 0.921875 0.734375 0.037259615384615384 0.051682692307692304
1 0.8377403846153846 0.7668269230769231 0.03125 0.040865384615384616
1 0.8425480769230769 0.8064903846153846 0.040865384615384616 0.03125
1 0.8834134615384616 0.8725961538461539 0.030048076923076924 0.042067307692307696
1 0.8798076923076923 0.9014423076923077 0.028846153846153848 0.042067307692307696
1 0.7451923076923077 0.9867788461538461 0.03125 0.025240384615384616
1 0.7235576923076923 0.9771634615384616 0.02403846153846154 0.040865384615384616
0 0.9170673076923077 0.19471153846153846 0.16466346153846154 0.14302884615384615
0 0.9170673076923077 0.05048076923076923 0.16466346153846154 0.10096153846153846
0 0.9543269230769231 0.4723557692307692 0.08653846153846154 0.3918269230769231
0 0.8233173076923077 0.3641826923076923 0.23076923076923078 0.21514423076923078
0 0.7295673076923077 0.4831730769230769 0.42427884615384615 0.13942307692307693
0 0.734375 0.6730769230769231 0.49759615384615385 0.19230769230769232
0 0.6262019230769231 0.8185096153846154 0.2704326923076923 0.2668269230769231
0 0.4170673076923077 0.6346153846153846 0.19591346153846154 0.33052884615384615