1 0.20192307692307693 0.21875 0.042067307692307696 0.056490384615384616
1 0.9423076923076923 0.3954326923076923 0.04447115384615385 0.06490384615384616
1 0.7439903846153846 0.45552884615384615 0.04567307692307692 0.06009615384615385
1 0.4014423076923077 0.4110576923076923 0.05048076923076923 0.06490384615384616
1 0.4266826923076923 0.4987980769230769 0.027644230769230768 0.046875
1 0.32572115384615385 0.8365384615384616 0.04447115384615385 0.056490384615384616
1 0.15745192307692307 0.6971153846153846 0.040865384615384616 0.036057692307692304
1 0.08052884615384616 0.578125 0.02283653846153846 0.036057692307692304
1 0.057692307692307696 0.5877403846153846 0.02403846153846154 0.027644230769230768
1 0.0673076923076923 0.6141826923076923 0.025240384615384616 0.036057692307692304
1 0.042067307692307696 0.5588942307692307 0.040865384615384616 0.03365384615384615
1 0.13221153846153846 0.9170673076923077 0.03365384615384615 0.04447115384615385
1 0.09975961538461539 0.9278846153846154 0.03485576923076923 0.039663461538461536
1 0.1201923076923077 0.9711538461538461 0.037259615384615384 0.03365384615384615
1 0.22596153846153846 0.4891826923076923 0.03485576923076923 0.038461538461538464
1 0.21995192307692307 0.4375 0.030048076923076924 0.039663461538461536
1 0.2620192307692308 0.3425480769230769 0.030048076923076924 0.027644230769230768
1 0.24759615384615385 0.3112980769230769 0.03365384615384615 0.027644230769230768
1 0.14543269230769232 0.27403846153846156 0.037259615384615384 0.036057692307692304
1 0.08533653846153846 0.27403846153846156 0.036057692307692304 0.038461538461538464
1 0.2620192307692308 0.9543269230769231 0.025240384615384616 0.02403846153846154
1 0.2644230769230769 0.9855769230769231 0.020432692307692308 0.021634615384615384
1 0.24519230769230768 0.9747596153846154 0.021634615384615384 0.02403846153846154
1 0.22596153846153846 0.984375 0.020432692307692308 0.027644230769230768
1 0.20673076923076922 0.9807692307692307 0.020432692307692308 0.026442307692307692
1 0.18509615384615385 0.9771634615384616 0.025240384615384616 0.02403846153846154
1 0.5300480769230769 0.23076923076923078 0.025240384615384616 0.051682692307692304
1 0.7824519230769231 0.30528846153846156 0.020432692307692308 0.03125
1 0.7944711538461539 0.32572115384615385 0.019230769230769232 0.021634615384615384
1 0.8088942307692307 0.3137019230769231 0.016826923076923076 0.021634615384615384
1 0.7764423076923077 0.3317307692307692 0.02283653846153846 0.028846153846153848
1 0.890625 0.06610576923076923 0.030048076923076924 0.03245192307692308
0 0.17067307692307693 0.8497596153846154 0.19951923076923078 0.25240384615384615
0 0.5384615384615384 0.5949519230769231 0.28846153846153844 0.45072115384615385
0 0.9050480769230769 0.609375 0.18870192307692307 0.20793269230769232
0 0.8317307692307693 0.4675480769230769 0.23317307692307693 0.6225961538461539
0 0.7427884615384616 0.22716346153846154 0.24879807692307693 0.22355769230769232
0 0.7271634615384616 0.03245192307692308 0.23076923076923078 0.06490384615384616
0 0.703125 0.1814903846153846 0.5901442307692307 0.3137019230769231
0 0.19951923076923078 0.4050480769230769 0.20552884615384615 0.33653846153846156