0 0.5997596153846154 0.013221153846153846 0.002403846153846154 0
0 0.6911057692307693 0.109375 0.35216346153846156 0.18269230769230768
0 0.31850961538461536 0.09735576923076923 0.25 0.14903846153846154
0 0.6682692307692307 0.42427884615384615 0.4831730769230769 0.4831730769230769
0 0.6995192307692307 0.6165865384615384 0.3449519230769231 0.30408653846153844
1 0.7764423076923077 0.6418269230769231 0.03365384615384615 0.038461538461538464
1 0.8245192307692307 0.5288461538461539 0.030048076923076924 0.040865384615384616
1 0.8197115384615384 0.4050480769230769 0.03125 0.04807692307692308
1 0.7055288461538461 0.44711538461538464 0.028846153846153848 0.037259615384615384
1 0.7115384615384616 0.5793269230769231 0.027644230769230768 0.019230769230769232
1 0.7055288461538461 0.5444711538461539 0.018028846153846152 0.021634615384615384
1 0.6899038461538461 0.5276442307692307 0.018028846153846152 0.03125
1 0.703125 0.5228365384615384 0.021634615384615384 0.019230769230769232
1 0.5901442307692307 0.609375 0.040865384615384616 0.04807692307692308
1 0.5060096153846154 0.40865384615384615 0.040865384615384616 0.04927884615384615
1 0.4579326923076923 0.47716346153846156 0.026442307692307692 0.04567307692307692
1 0.5084134615384616 0.13341346153846154 0.027644230769230768 0.03485576923076923
1 0.49759615384615385 0.171875 0.021634615384615384 0.02403846153846154
1 0.5036057692307693 0.15985576923076922 0.036057692307692304 0.03125
1 0.46274038461538464 0.19471153846153846 0.028846153846153848 0.03245192307692308
1 0.42427884615384615 0.19951923076923078 0.026442307692307692 0.027644230769230768
1 0.33052884615384615 0.3112980769230769 0.03365384615384615 0.03125
0 0.34975961538461536 0.5192307692307693 0.24278846153846154 0.26802884615384615
0 0.45072115384615385 0.7980769230769231 0.140625 0.2764423076923077
0 0.5673076923076923 0.8725961538461539 0.22596153846153846 0.25
0 0.3762019230769231 0.8798076923076923 0.16105769230769232 0.23918269230769232
0 0.21995192307692307 0.8762019230769231 0.4387019230769231 0.2127403846153846
1 0.19230769230769232 0.0829326923076923 0.026442307692307692 0.028846153846153848
1 0.22716346153846154 0.07451923076923077 0.021634615384615384 0.027644230769230768
1 0.20552884615384615 0.055288461538461536 0.02403846153846154 0.03245192307692308