1 0.7043269230769231 0.2536057692307692 0.040865384615384616 0.051682692307692304
1 0.7932692307692307 0.0625 0.021634615384615384 0.03245192307692308
1 0.8100961538461539 0.06009615384615385 0.018028846153846152 0.03485576923076923
1 0.9879807692307693 0.14302884615384615 0.02283653846153846 0.03125
1 0.8665865384615384 0.14783653846153846 0.019230769230769232 0.028846153846153848
1 0.8629807692307693 0.21514423076923078 0.027644230769230768 0.03365384615384615
1 0.8653846153846154 0.2824519230769231 0.040865384615384616 0.039663461538461536
1 0.8713942307692307 0.36899038461538464 0.04927884615384615 0.040865384615384616
1 0.6790865384615384 0.3713942307692308 0.036057692307692304 0.028846153846153848
1 0.6189903846153846 0.2668269230769231 0.030048076923076924 0.040865384615384616
1 0.6382211538461539 0.24519230769230768 0.028846153846153848 0.025240384615384616
1 0.6418269230769231 0.22355769230769232 0.030048076923076924 0.03485576923076923
1 0.640625 0.14543269230769232 0.037259615384615384 0.04447115384615385
1 0.5516826923076923 0.15865384615384615 0.036057692307692304 0.040865384615384616
1 0.28846153846153844 0.546875 0.06009615384615385 0.07572115384615384
1 0.7055288461538461 0.6129807692307693 0.04447115384615385 0.055288461538461536
1 0.44591346153846156 0.7692307692307693 0.02403846153846154 0.04807692307692308
1 0.4326923076923077 0.7956730769230769 0.020432692307692308 0.030048076923076924
1 0.38100961538461536 0.7608173076923077 0.030048076923076924 0.03365384615384615
1 0.375 0.7860576923076923 0.02283653846153846 0.03365384615384615
1 0.39663461538461536 0.7800480769230769 0.021634615384615384 0.030048076923076924
1 0.3894230769230769 0.8028846153846154 0.02283653846153846 0.037259615384615384
1 0.4050480769230769 0.8004807692307693 0.016826923076923076 0.026442307692307692
1 0.41466346153846156 0.7776442307692307 0.016826923076923076 0.03245192307692308
1 0.3713942307692308 0.9483173076923077 0.028846153846153848 0.03485576923076923
1 0.3918269230769231 0.9567307692307693 0.028846153846153848 0.039663461538461536
1 0.375 0.9747596153846154 0.02403846153846154 0.036057692307692304
1 0.17307692307692307 0.8846153846153846 0.025240384615384616 0.03485576923076923
1 0.19110576923076922 0.8954326923076923 0.020432692307692308 0.03485576923076923
1 0.16105769230769232 0.9086538461538461 0.028846153846153848 0.027644230769230768
1 0.15865384615384615 0.9326923076923077 0.02283653846153846 0.03125
1 0.18269230769230768 0.9375 0.021634615384615384 0.03245192307692308
1 0.203125 0.9278846153846154 0.02403846153846154 0.030048076923076924
1 0.21634615384615385 0.9699519230769231 0.02283653846153846 0.03365384615384615
1 0.21875 0.8882211538461539 0.021634615384615384 0.03365384615384615
1 0.234375 0.8990384615384616 0.025240384615384616 0.028846153846153848
1 0.15745192307692307 0.9723557692307693 0.019230769230769232 0.026442307692307692
1 0.14903846153846154 0.5516826923076923 0.02283653846153846 0.046875
0 0.5913461538461539 0.7295673076923077 0.1814903846153846 0.10216346153846154
0 0.6418269230769231 0.8834134615384616 0.29447115384615385 0.13341346153846154
0 0.8257211538461539 0.2512019230769231 0.25600961538461536 0.25841346153846156
0 0.8197115384615384 0.5168269230769231 0.3557692307692308 0.2644230769230769
0 0.828125 0.03125 0.15985576923076922 0.06129807692307692
0 0.53125 0.05889423076923077 0.3786057692307692 0.109375
0 0.5240384615384616 0.19110576923076922 0.3173076923076923 0.22235576923076922
0 0.5144230769230769 0.3762019230769231 0.4795673076923077 0.38100961538461536