1 0.8954326923076923 0.06610576923076923 0.03245192307692308 0.055288461538461536
1 0.7524038461538461 0.06129807692307692 0.028846153846153848 0.03125
1 0.7427884615384616 0.08653846153846154 0.020432692307692308 0.03365384615384615
1 0.7043269230769231 0.04447115384615385 0.027644230769230768 0.025240384615384616
1 0.7007211538461539 0.07091346153846154 0.030048076923076924 0.028846153846153848
1 0.515625 0.013221153846153846 0.019230769230769232 0.025240384615384616
1 0.4110576923076923 0.039663461538461536 0.040865384615384616 0.042067307692307696
1 0.31009615384615385 0.17427884615384615 0.037259615384615384 0.03125
1 0.3786057692307692 0.20192307692307693 0.027644230769230768 0.036057692307692304
1 0.28846153846153844 0.22596153846153846 0.03365384615384615 0.03125
1 0.25 0.2932692307692308 0.02403846153846154 0.042067307692307696
1 0.6694711538461539 0.4831730769230769 0.03485576923076923 0.036057692307692304
1 0.9014423076923077 0.5024038461538461 0.03485576923076923 0.042067307692307696
1 0.2283653846153846 0.7391826923076923 0.038461538461538464 0.03365384615384615
1 0.29447115384615385 0.8713942307692307 0.036057692307692304 0.04567307692307692
1 0.31009615384615385 0.9014423076923077 0.025240384615384616 0.028846153846153848
1 0.125 0.3088942307692308 0.03485576923076923 0.04927884615384615
1 0.07211538461538461 0.3737980769230769 0.030048076923076924 0.036057692307692304
1 0.2247596153846154 0.3088942307692308 0.019230769230769232 0.02403846153846154
1 0.22355769230769232 0.3269230769230769 0.018028846153846152 0.02403846153846154
1 0.20432692307692307 0.3161057692307692 0.02283653846153846 0.028846153846153848
1 0.21153846153846154 0.28966346153846156 0.021634615384615384 0.027644230769230768
1 0.3161057692307692 0.4951923076923077 0.026442307692307692 0.027644230769230768
1 0.31009615384615385 0.5144230769230769 0.020432692307692308 0.027644230769230768
1 0.29086538461538464 0.5072115384615384 0.018028846153846152 0.03245192307692308
1 0.27163461538461536 0.5132211538461539 0.02283653846153846 0.03365384615384615
1 0.5889423076923077 0.5973557692307693 0.027644230769230768 0.027644230769230768
1 0.5709134615384616 0.6165865384615384 0.016826923076923076 0.025240384615384616
1 0.5925480769230769 0.6262019230769231 0.025240384615384616 0.019230769230769232
1 0.5733173076923077 0.6430288461538461 0.010817307692307692 0.021634615384615384
1 0.5973557692307693 0.6490384615384616 0.019230769230769232 0.02403846153846154
1 0.5817307692307693 0.6694711538461539 0.02283653846153846 0.02283653846153846
0 0.8245192307692307 0.30649038461538464 0.32091346153846156 0.203125
0 0.6947115384615384 0.8858173076923077 0.3076923076923077 0.21754807692307693
0 0.3954326923076923 0.6069711538461539 0.25240384615384615 0.3317307692307692
0 0.24879807692307693 0.4483173076923077 0.18629807692307693 0.25721153846153844
0 0.06129807692307692 0.3076923076923077 0.12259615384615384 0.18269230769230768
0 0.6442307692307693 0.17668269230769232 0.36658653846153844 0.12740384615384615
0 0.6850961538461539 0.0673076923076923 0.4050480769230769 0.13341346153846154
0 0.7259615384615384 0.5949519230769231 0.39302884615384615 0.5
0 0.5372596153846154 0.36899038461538464 0.6033653846153846 0.5168269230769231