1 0.9519230769230769 0.3737980769230769 0.02283653846153846 0.03125
1 0.20072115384615385 0.31850961538461536 0.046875 0.06009615384615385
1 0.4543269230769231 0.28725961538461536 0.04447115384615385 0.052884615384615384
1 0.5612980769230769 0.3954326923076923 0.03125 0.04447115384615385
1 0.3485576923076923 0.4206730769230769 0.021634615384615384 0.055288461538461536
1 0.40865384615384615 0.5564903846153846 0.03365384615384615 0.04326923076923077
1 0.3233173076923077 0.4699519230769231 0.037259615384615384 0.04326923076923077
1 0.29927884615384615 0.5757211538461539 0.06370192307692307 0.06009615384615385
1 0.17427884615384615 0.6742788461538461 0.042067307692307696 0.057692307692307696
1 0.6033653846153846 0.5588942307692307 0.06370192307692307 0.06129807692307692
1 0.6935096153846154 0.7103365384615384 0.03245192307692308 0.07091346153846154
1 0.9783653846153846 0.28846153846153844 0.042067307692307696 0.0673076923076923
1 0.7367788461538461 0.24519230769230768 0.052884615384615384 0.08653846153846154
1 0.6117788461538461 0.2512019230769231 0.038461538461538464 0.04927884615384615
1 0.6286057692307693 0.03125 0.054086538461538464 0.054086538461538464
1 0.14302884615384615 0.07572115384615384 0.04927884615384615 0.05889423076923077
0 0.6201923076923077 0.6538461538461539 0.16706730769230768 0.24278846153846154
0 0.46274038461538464 0.7175480769230769 0.23557692307692307 0.2283653846153846
0 0.7007211538461539 0.703125 0.5324519230769231 0.43028846153846156
0 0.6033653846153846 0.42788461538461536 0.19230769230769232 0.22115384615384615
0 0.4326923076923077 0.2860576923076923 0.22596153846153846 0.1502403846153846
0 0.41947115384615385 0.21033653846153846 0.3389423076923077 0.15745192307692307
1 0.53125 0.109375 0.3545673076923077 0.18389423076923078
0 0.1778846153846154 0.3762019230769231 0.025240384615384616 0.025240384615384616
1 0.17067307692307693 0.39783653846153844 0.028846153846153848 0.02283653846153846
1 0.1935096153846154 0.3918269230769231 0.015625 0.028846153846153848
1 0.20432692307692307 0.4014423076923077 0.016826923076923076 0.026442307692307692
1 0.1875 0.41225961538461536 0.015625 0.025240384615384616
1 0.20552884615384615 0.4230769230769231 0.021634615384615384 0.025240384615384616