1 0.5348557692307693 0.2932692307692308 0.03365384615384615 0.054086538461538464
1 0.7007211538461539 0.021634615384615384 0.038461538461538464 0.04326923076923077
1 0.6826923076923077 0.09375 0.037259615384615384 0.052884615384615384
1 0.6358173076923077 0.10697115384615384 0.028846153846153848 0.02403846153846154
1 0.6418269230769231 0.13221153846153846 0.028846153846153848 0.027644230769230768
1 0.6478365384615384 0.18389423076923078 0.03125 0.03365384615384615
1 0.7487980769230769 0.20072115384615385 0.028846153846153848 0.056490384615384616
1 0.5877403846153846 0.28725961538461536 0.03125 0.06009615384615385
1 0.7403846153846154 0.5264423076923077 0.025240384615384616 0.046875
1 0.7415865384615384 0.49278846153846156 0.037259615384615384 0.03485576923076923
1 0.8485576923076923 0.546875 0.056490384615384616 0.07091346153846154
1 0.8701923076923077 0.671875 0.026442307692307692 0.039663461538461536
1 0.8449519230769231 0.6995192307692307 0.036057692307692304 0.06610576923076923
1 0.6899038461538461 0.5709134615384616 0.03365384615384615 0.057692307692307696
1 0.6033653846153846 0.8377403846153846 0.028846153846153848 0.038461538461538464
1 0.7127403846153846 0.8305288461538461 0.030048076923076924 0.052884615384615384
1 0.7331730769230769 0.859375 0.021634615384615384 0.018028846153846152
1 0.7055288461538461 0.8653846153846154 0.018028846153846152 0.03245192307692308
1 0.7211538461538461 0.9194711538461539 0.02403846153846154 0.037259615384615384
1 0.7487980769230769 0.9302884615384616 0.02283653846153846 0.039663461538461536
1 0.4795673076923077 0.9254807692307693 0.040865384615384616 0.04447115384615385
1 0.4098557692307692 0.9242788461538461 0.030048076923076924 0.04927884615384615
1 0.33653846153846156 0.8966346153846154 0.037259615384615384 0.039663461538461536
1 0.18629807692307693 0.9699519230769231 0.030048076923076924 0.037259615384615384
1 0.22235576923076922 0.9747596153846154 0.02283653846153846 0.03125
1 0.24158653846153846 0.9759615384615384 0.018028846153846152 0.03365384615384615
0 0.9675480769230769 0.14182692307692307 0.06009615384615385 0.21153846153846154
0 0.8990384615384616 0.23677884615384615 0.20072115384615385 0.4098557692307692
0 0.8581730769230769 0.39783653846153844 0.2824519230769231 0.24759615384615385
0 0.6514423076923077 0.23317307692307693 0.125 0.24759615384615385
0 0.5348557692307693 0.5552884615384616 0.16947115384615385 0.3401442307692308
0 0.5384615384615384 0.5697115384615384 0.21153846153846154 0.2956730769230769
0 0.703125 0.4699519230769231 0.33774038461538464 0.4807692307692308