1 0.09735576923076923 0.15264423076923078 0.04567307692307692 0.055288461538461536
1 0.7223557692307693 0.021634615384615384 0.05048076923076923 0.036057692307692304
1 0.38822115384615385 0.04326923076923077 0.028846153846153848 0.04326923076923077
1 0.6706730769230769 0.28125 0.039663461538461536 0.04447115384615385
1 0.65625 0.6105769230769231 0.03485576923076923 0.038461538461538464
1 0.21394230769230768 0.43990384615384615 0.037259615384615384 0.03125
1 0.0673076923076923 0.3137019230769231 0.040865384615384616 0.039663461538461536
1 0.020432692307692308 0.28725961538461536 0.040865384615384616 0.04567307692307692
1 0.23197115384615385 0.7307692307692307 0.03365384615384615 0.03245192307692308
0 0.4266826923076923 0.11177884615384616 0.35697115384615385 0.15745192307692307
0 0.4362980769230769 0.24519230769230768 0.3858173076923077 0.18509615384615385
0 0.5829326923076923 0.41225961538461536 0.2668269230769231 0.1778846153846154
0 0.6899038461538461 0.6634615384615384 0.19471153846153846 0.34134615384615385
0 0.4362980769230769 0.8305288461538461 0.3269230769230769 0.27163461538461536
0 0.18629807692307693 0.625 0.37259615384615385 0.5288461538461539
0 0.2692307692307692 0.5060096153846154 0.4423076923076923 0.46033653846153844
0 0.03245192307692308 0.8990384615384616 0.06490384615384616 0.18870192307692307