1 0.13942307692307693 0.06370192307692307 0.030048076923076924 0.04326923076923077
1 0.15985576923076922 0.06850961538461539 0.03125 0.03365384615384615
1 0.17668269230769232 0.08774038461538461 0.02283653846153846 0.038461538461538464
1 0.3713942307692308 0.07692307692307693 0.042067307692307696 0.039663461538461536
1 0.4230769230769231 0.06009615384615385 0.046875 0.046875
1 0.40865384615384615 0.1346153846153846 0.036057692307692304 0.04447115384615385
1 0.3798076923076923 0.32572115384615385 0.038461538461538464 0.04807692307692308
1 0.47475961538461536 0.38221153846153844 0.03125 0.039663461538461536
1 0.5060096153846154 0.2620192307692308 0.042067307692307696 0.03485576923076923
1 0.6610576923076923 0.5264423076923077 0.039663461538461536 0.051682692307692304
1 0.7067307692307693 0.44350961538461536 0.038461538461538464 0.040865384615384616
1 0.8245192307692307 0.4987980769230769 0.03245192307692308 0.051682692307692304
1 0.7704326923076923 0.3762019230769231 0.03365384615384615 0.055288461538461536
1 0.7716346153846154 0.234375 0.025240384615384616 0.038461538461538464
1 0.6574519230769231 0.37740384615384615 0.025240384615384616 0.03365384615384615
1 0.6694711538461539 0.4050480769230769 0.018028846153846152 0.03245192307692308
1 0.6538461538461539 0.40384615384615385 0.018028846153846152 0.028846153846153848
1 0.02283653846153846 0.7223557692307693 0.04567307692307692 0.04567307692307692
0 0.3016826923076923 0.5252403846153846 0.24879807692307693 0.16706730769230768
0 0.6911057692307693 0.3605769230769231 0.47475961538461536 0.34375
0 0.6237980769230769 0.6213942307692307 0.25600961538461536 0.12379807692307693
0 0.42427884615384615 0.5721153846153846 0.13221153846153846 0.265625
0 0.6237980769230769 0.7956730769230769 0.23557692307692307 0.24278846153846154
0 0.38100961538461536 0.7800480769230769 0.22596153846153846 0.2848557692307692
0 0.19831730769230768 0.8677884615384616 0.39302884615384615 0.18870192307692307