1 0.6995192307692307 0.09735576923076923 0.040865384615384616 0.040865384615384616
1 0.8966346153846154 0.016826923076923076 0.038461538461538464 0.03365384615384615
1 0.7487980769230769 0.21995192307692307 0.037259615384615384 0.039663461538461536
1 0.6346153846153846 0.12740384615384615 0.027644230769230768 0.03125
1 0.6346153846153846 0.15504807692307693 0.018028846153846152 0.038461538461538464
1 0.6586538461538461 0.027644230769230768 0.026442307692307692 0.04807692307692308
1 0.6730769230769231 0.007211538461538462 0.04567307692307692 0.014423076923076924
1 0.6069711538461539 0.17668269230769232 0.027644230769230768 0.027644230769230768
1 0.5793269230769231 0.21394230769230768 0.039663461538461536 0.037259615384615384
1 0.5889423076923077 0.31009615384615385 0.027644230769230768 0.051682692307692304
1 0.7584134615384616 0.5228365384615384 0.03365384615384615 0.042067307692307696
1 0.7728365384615384 0.546875 0.028846153846153848 0.03365384615384615
1 0.9411057692307693 0.6346153846153846 0.03125 0.04807692307692308
1 0.9182692307692307 0.6466346153846154 0.037259615384615384 0.039663461538461536
1 0.9771634615384616 0.9783653846153846 0.036057692307692304 0.038461538461538464
1 0.8341346153846154 0.6538461538461539 0.039663461538461536 0.052884615384615384
1 0.8533653846153846 0.7055288461538461 0.04326923076923077 0.04927884615384615
1 0.6598557692307693 0.5757211538461539 0.03125 0.03485576923076923
1 0.5997596153846154 0.7884615384615384 0.03365384615384615 0.040865384615384616
1 0.6838942307692307 0.8834134615384616 0.025240384615384616 0.04567307692307692
1 0.6598557692307693 0.8798076923076923 0.02403846153846154 0.042067307692307696
1 0.6694711538461539 0.8389423076923077 0.020432692307692308 0.027644230769230768
1 0.6514423076923077 0.8173076923076923 0.02283653846153846 0.036057692307692304
1 0.671875 0.8088942307692307 0.025240384615384616 0.025240384615384616
1 0.4266826923076923 0.8894230769230769 0.02403846153846154 0.042067307692307696
1 0.359375 0.8689903846153846 0.027644230769230768 0.02403846153846154
1 0.25240384615384615 0.9447115384615384 0.020432692307692308 0.02403846153846154
1 0.25841346153846156 0.9723557692307693 0.025240384615384616 0.03125
1 0.23557692307692307 0.9675480769230769 0.015625 0.025240384615384616
1 0.21995192307692307 0.9651442307692307 0.02283653846153846 0.025240384615384616
1 0.20552884615384615 0.9663461538461539 0.013221153846153846 0.019230769230769232
1 0.18870192307692307 0.9603365384615384 0.018028846153846152 0.026442307692307692
1 0.171875 0.9591346153846154 0.02283653846153846 0.025240384615384616
1 0.15865384615384615 0.9555288461538461 0.02283653846153846 0.03125
1 0.1346153846153846 0.953125 0.021634615384615384 0.026442307692307692
1 0.19951923076923078 0.9411057692307693 0.018028846153846152 0.025240384615384616
1 0.23317307692307693 0.9411057692307693 0.020432692307692308 0.02403846153846154
0 0.9447115384615384 0.33413461538461536 0.10576923076923077 0.41346153846153844
0 0.875 0.26802884615384615 0.24519230769230768 0.31490384615384615
0 0.8689903846153846 0.4326923076923077 0.25721153846153844 0.27884615384615385
0 0.6887019230769231 0.25600961538461536 0.15144230769230768 0.17307692307692307
0 0.6526442307692307 0.3786057692307692 0.23798076923076922 0.5949519230769231
0 0.5456730769230769 0.5516826923076923 0.09495192307692307 0.28365384615384615
0 0.5072115384615384 0.4831730769230769 0.25841346153846156 0.3425480769230769