1 0.18389423076923078 0.21995192307692307 0.030048076923076924 0.051682692307692304
1 0.8701923076923077 0.09495192307692307 0.037259615384615384 0.02403846153846154
1 0.9507211538461539 0.06850961538461539 0.03245192307692308 0.056490384615384616
1 0.9230769230769231 0.0733173076923077 0.028846153846153848 0.039663461538461536
1 0.9146634615384616 0.38341346153846156 0.03125 0.046875
1 0.8629807692307693 0.20673076923076922 0.03365384615384615 0.037259615384615384
1 0.7788461538461539 0.31490384615384615 0.021634615384615384 0.021634615384615384
1 0.7680288461538461 0.33052884615384615 0.019230769230769232 0.027644230769230768
1 0.7548076923076923 0.3485576923076923 0.030048076923076924 0.03245192307692308
1 0.7512019230769231 0.3137019230769231 0.036057692307692304 0.036057692307692304
1 0.7295673076923077 0.484375 0.038461538461538464 0.04807692307692308
1 0.38822115384615385 0.4362980769230769 0.027644230769230768 0.04567307692307692
1 0.41346153846153844 0.5132211538461539 0.021634615384615384 0.027644230769230768
1 0.23317307692307693 0.34975961538461536 0.03485576923076923 0.06009615384615385
1 0.11177884615384616 0.26322115384615385 0.036057692307692304 0.042067307692307696
1 0.08413461538461539 0.28365384615384615 0.015625 0.038461538461538464
1 0.21394230769230768 0.4699519230769231 0.030048076923076924 0.04807692307692308
1 0.21033653846153846 0.5264423076923077 0.028846153846153848 0.04326923076923077
1 0.30288461538461536 0.859375 0.026442307692307692 0.055288461538461536
1 0.125 0.6947115384615384 0.028846153846153848 0.03485576923076923
1 0.515625 0.23076923076923078 0.025240384615384616 0.03245192307692308
1 0.040865384615384616 0.5384615384615384 0.025240384615384616 0.030048076923076924
1 0.057692307692307696 0.5985576923076923 0.025240384615384616 0.03245192307692308
1 0.037259615384615384 0.5913461538461539 0.016826923076923076 0.018028846153846152
1 0.03125 0.5697115384615384 0.016826923076923076 0.026442307692307692
1 0.037259615384615384 0.6141826923076923 0.015625 0.02403846153846154
1 0.019230769230769232 0.6069711538461539 0.02283653846153846 0.028846153846153848
1 0.06129807692307692 0.9134615384615384 0.03365384615384615 0.04326923076923077
1 0.09615384615384616 0.9639423076923077 0.028846153846153848 0.03365384615384615
1 0.15384615384615385 0.9735576923076923 0.018028846153846152 0.030048076923076924
1 0.17548076923076922 0.9759615384615384 0.02403846153846154 0.030048076923076924
1 0.1935096153846154 0.9807692307692307 0.019230769230769232 0.03125
1 0.21033653846153846 0.984375 0.015625 0.030048076923076924
1 0.22716346153846154 0.9615384615384616 0.02283653846153846 0.026442307692307692
1 0.23798076923076922 0.9855769230769231 0.025240384615384616 0.018028846153846152
1 0.24278846153846154 0.9483173076923077 0.02283653846153846 0.018028846153846152
1 0.2932692307692308 0.9867788461538461 0.028846153846153848 0.021634615384615384
0 0.5516826923076923 0.5889423076923077 0.2608173076923077 0.4230769230769231
0 0.9146634615384616 0.6382211538461539 0.16947115384615385 0.2127403846153846
0 0.71875 0.27163461538461536 0.25240384615384615 0.2283653846153846
0 0.7271634615384616 0.046875 0.19471153846153846 0.09375
0 0.7632211538461539 0.45913461538461536 0.3233173076923077 0.48197115384615385
0 0.6911057692307693 0.16346153846153846 0.6105769230769231 0.27524038461538464
0 0.1814903846153846 0.4387019230769231 0.26322115384615385 0.34134615384615385
0 0.14182692307692307 0.8737980769230769 0.25 0.19230769230769232