1 0.21995192307692307 0.5144230769230769 0.039663461538461536 0.055288461538461536
1 0.15504807692307693 0.484375 0.03125 0.03245192307692308
1 0.18629807692307693 0.7403846153846154 0.03365384615384615 0.06370192307692307
1 0.4206730769230769 0.5901442307692307 0.03365384615384615 0.040865384615384616
1 0.48677884615384615 0.46153846153846156 0.03365384615384615 0.042067307692307696
1 0.4675480769230769 0.27283653846153844 0.03365384615384615 0.040865384615384616
1 0.4387019230769231 0.29086538461538464 0.018028846153846152 0.037259615384615384
1 0.41346153846153844 0.2764423076923077 0.025240384615384616 0.036057692307692304
1 0.41947115384615385 0.15985576923076922 0.020432692307692308 0.020432692307692308
1 0.47836538461538464 0.08533653846153846 0.03125 0.03365384615384615
1 0.46033653846153844 0.0985576923076923 0.027644230769230768 0.04326923076923077
1 0.5637019230769231 0.21153846153846154 0.03245192307692308 0.04927884615384615
1 0.6141826923076923 0.32091346153846156 0.025240384615384616 0.036057692307692304
1 0.7776442307692307 0.04326923076923077 0.04567307692307692 0.04927884615384615
1 0.9807692307692307 0.49759615384615385 0.03125 0.0625
1 0.7043269230769231 0.6502403846153846 0.03365384615384615 0.046875
1 0.7235576923076923 0.7139423076923077 0.03485576923076923 0.05048076923076923
1 0.6610576923076923 0.7463942307692307 0.03245192307692308 0.028846153846153848
1 0.6778846153846154 0.7836538461538461 0.02403846153846154 0.027644230769230768
1 0.6682692307692307 0.9362980769230769 0.040865384615384616 0.039663461538461536
1 0.5685096153846154 0.6838942307692307 0.052884615384615384 0.06490384615384616
1 0.5192307692307693 0.5769230769230769 0.037259615384615384 0.04567307692307692
1 0.3894230769230769 0.9326923076923077 0.040865384615384616 0.04567307692307692
1 0.38221153846153844 0.7463942307692307 0.03365384615384615 0.03485576923076923
1 0.3605769230769231 0.7355769230769231 0.020432692307692308 0.027644230769230768
1 0.3798076923076923 0.7764423076923077 0.014423076923076924 0.027644230769230768
1 0.3545673076923077 0.7632211538461539 0.018028846153846152 0.025240384615384616
1 0.33774038461538464 0.7560096153846154 0.021634615384615384 0.03125
1 0.34615384615384615 0.7860576923076923 0.030048076923076924 0.03485576923076923
1 0.057692307692307696 0.8978365384615384 0.03365384615384615 0.03485576923076923
1 0.109375 0.9098557692307693 0.02283653846153846 0.027644230769230768
1 0.0889423076923077 0.9050480769230769 0.015625 0.027644230769230768
1 0.11658653846153846 0.9362980769230769 0.019230769230769232 0.027644230769230768
1 0.09375 0.9326923076923077 0.014423076923076924 0.03125
1 0.07692307692307693 0.9326923076923077 0.019230769230769232 0.03245192307692308
1 0.06129807692307692 0.9290865384615384 0.020432692307692308 0.025240384615384616
1 0.04326923076923077 0.9314903846153846 0.021634615384615384 0.027644230769230768
1 0.03365384615384615 0.9182692307692307 0.025240384615384616 0.027644230769230768
1 0.01201923076923077 0.9170673076923077 0.021634615384615384 0.051682692307692304
0 0.9086538461538461 0.5612980769230769 0.13822115384615385 0.3545673076923077
0 0.7175480769230769 0.5925480769230769 0.2764423076923077 0.35096153846153844
0 0.84375 0.2439903846153846 0.21875 0.25841346153846156
0 0.7524038461538461 0.09735576923076923 0.4795673076923077 0.1658653846153846
0 0.6225961538461539 0.2932692307692308 0.19951923076923078 0.09615384615384616
0 0.5300480769230769 0.359375 0.1045673076923077 0.3269230769230769
0 0.38341346153846156 0.4362980769230769 0.17067307692307693 0.31490384615384615
0 0.6502403846153846 0.3485576923076923 0.34975961538461536 0.5276442307692307