1 0.11298076923076923 0.15264423076923078 0.06490384615384616 0.057692307692307696
1 0.22716346153846154 0.27283653846153844 0.06009615384615385 0.08052884615384616
1 0.020432692307692308 0.7608173076923077 0.03365384615384615 0.03245192307692308
1 0.038461538461538464 0.78125 0.016826923076923076 0.04326923076923077
1 0.018028846153846152 0.7896634615384616 0.021634615384615384 0.028846153846153848
1 0.15745192307692307 0.8653846153846154 0.026442307692307692 0.036057692307692304
1 0.1778846153846154 0.8713942307692307 0.02283653846153846 0.042067307692307696
1 0.17307692307692307 0.6802884615384616 0.03365384615384615 0.036057692307692304
1 0.14903846153846154 0.6971153846153846 0.030048076923076924 0.027644230769230768
1 0.16466346153846154 0.71875 0.025240384615384616 0.038461538461538464
0 0.5721153846153846 0.4014423076923077 0.27283653846153844 0.15625
0 0.7908653846153846 0.5721153846153846 0.21875 0.28725961538461536
0 0.859375 0.18389423076923078 0.25 0.36778846153846156
0 0.5396634615384616 0.1875 0.5384615384615384 0.3016826923076923
0 0.34975961538461536 0.578125 0.59375 0.31850961538461536
0 0.46153846153846156 0.8401442307692307 0.34975961538461536 0.11298076923076923