1 0.5 0.09254807692307693 0.030048076923076924 0.036057692307692304
1 0.9795673076923077 0.46634615384615385 0.03485576923076923 0.054086538461538464
1 0.6995192307692307 0.6153846153846154 0.03365384615384615 0.037259615384615384
1 0.7355769230769231 0.6887019230769231 0.040865384615384616 0.04447115384615385
1 0.6959134615384616 0.7548076923076923 0.03365384615384615 0.052884615384615384
1 0.6310096153846154 0.6670673076923077 0.046875 0.052884615384615384
1 0.5456730769230769 0.5829326923076923 0.037259615384615384 0.054086538461538464
1 0.4495192307692308 0.5805288461538461 0.039663461538461536 0.04567307692307692
1 0.6262019230769231 0.28725961538461536 0.03365384615384615 0.038461538461538464
1 0.4831730769230769 0.23076923076923078 0.03485576923076923 0.04326923076923077
1 0.4639423076923077 0.27524038461538464 0.02283653846153846 0.039663461538461536
1 0.44471153846153844 0.2692307692307692 0.028846153846153848 0.039663461538461536
1 0.4170673076923077 0.15865384615384615 0.036057692307692304 0.046875
1 0.22115384615384615 0.7584134615384616 0.04447115384615385 0.046875
1 0.43509615384615385 0.9447115384615384 0.052884615384615384 0.04807692307692308
1 0.7451923076923077 0.9350961538461539 0.054086538461538464 0.057692307692307696
1 0.7487980769230769 0.7848557692307693 0.054086538461538464 0.0673076923076923
1 0.1310096153846154 0.90625 0.020432692307692308 0.020432692307692308
1 0.10817307692307693 0.9038461538461539 0.019230769230769232 0.02403846153846154
1 0.07932692307692307 0.8954326923076923 0.018028846153846152 0.015625
1 0.014423076923076924 0.9098557692307693 0.019230769230769232 0.028846153846153848
1 0.03245192307692308 0.9110576923076923 0.02403846153846154 0.027644230769230768
1 0.04807692307692308 0.9134615384615384 0.018028846153846152 0.02403846153846154
1 0.06370192307692307 0.9170673076923077 0.018028846153846152 0.02403846153846154
1 0.07932692307692307 0.9194711538461539 0.019230769230769232 0.02403846153846154
1 0.09735576923076923 0.9254807692307693 0.019230769230769232 0.02403846153846154
1 0.11778846153846154 0.9290865384615384 0.016826923076923076 0.02403846153846154
1 0.13822115384615385 0.9278846153846154 0.026442307692307692 0.028846153846153848
1 0.4050480769230769 0.7391826923076923 0.016826923076923076 0.02403846153846154
1 0.38341346153846156 0.7487980769230769 0.03125 0.028846153846153848
1 0.4266826923076923 0.7644230769230769 0.019230769230769232 0.028846153846153848
1 0.4074519230769231 0.7704326923076923 0.014423076923076924 0.03245192307692308
1 0.390625 0.7740384615384616 0.018028846153846152 0.019230769230769232
0 0.9050480769230769 0.5348557692307693 0.12139423076923077 0.3641826923076923
0 0.7379807692307693 0.5600961538461539 0.2860576923076923 0.42788461538461536
0 0.6694711538461539 0.30408653846153844 0.4375 0.42908653846153844
0 0.5120192307692307 0.41346153846153844 0.10096153846153846 0.4543269230769231
0 0.3942307692307692 0.39302884615384615 0.22235576923076922 0.3894230769230769
0 0.7019230769230769 0.12379807692307693 0.3870192307692308 0.24759615384615385
0 0.6490384615384616 0.2704326923076923 0.23918269230769232 0.09014423076923077