1 0.8004807692307693 0.015625 0.03365384615384615 0.03125
1 0.6322115384615384 0.3173076923076923 0.042067307692307696 0.05889423076923077
1 0.6141826923076923 0.36538461538461536 0.03245192307692308 0.056490384615384616
1 0.6959134615384616 0.44471153846153844 0.057692307692307696 0.06129807692307692
1 0.6995192307692307 0.5564903846153846 0.037259615384615384 0.04807692307692308
1 0.6117788461538461 0.5588942307692307 0.04447115384615385 0.03365384615384615
1 0.578125 0.5264423076923077 0.030048076923076924 0.04807692307692308
1 0.5456730769230769 0.5456730769230769 0.030048076923076924 0.039663461538461536
1 0.44591346153846156 0.5384615384615384 0.030048076923076924 0.03485576923076923
1 0.7355769230769231 0.6971153846153846 0.03245192307692308 0.055288461538461536
1 0.7932692307692307 0.7259615384615384 0.038461538461538464 0.04326923076923077
1 0.734375 0.7752403846153846 0.052884615384615384 0.07211538461538461
1 0.8137019230769231 0.8677884615384616 0.05889423076923077 0.037259615384615384
1 0.6586538461538461 0.9699519230769231 0.057692307692307696 0.038461538461538464
0 0.6875 0.8822115384615384 0.27884615384615385 0.23076923076923078
0 0.7475961538461539 0.6730769230769231 0.5036057692307693 0.1875
0 0.7788461538461539 0.4891826923076923 0.3485576923076923 0.12379807692307693
0 0.8064903846153846 0.33533653846153844 0.24519230769230768 0.12860576923076922
0 0.8088942307692307 0.24278846153846154 0.30528846153846156 0.10216346153846154
0 0.7992788461538461 0.12259615384615384 0.3076923076923077 0.15745192307692307
0 0.7932692307692307 0.06370192307692307 0.25 0.10096153846153846
0 0.37740384615384615 0.609375 0.16346153846153846 0.29927884615384615