1 0.7139423076923077 0.07091346153846154 0.037259615384615384 0.046875
1 0.7247596153846154 0.15985576923076922 0.025240384615384616 0.03485576923076923
1 0.7367788461538461 0.19951923076923078 0.027644230769230768 0.02403846153846154
1 0.6466346153846154 0.29447115384615385 0.036057692307692304 0.040865384615384616
1 0.6358173076923077 0.3473557692307692 0.03485576923076923 0.04927884615384615
1 0.4807692307692308 0.5192307692307693 0.037259615384615384 0.054086538461538464
1 0.59375 0.5 0.036057692307692304 0.042067307692307696
1 0.6298076923076923 0.5384615384615384 0.028846153846153848 0.040865384615384616
1 0.6670673076923077 0.5853365384615384 0.027644230769230768 0.04927884615384615
1 0.7680288461538461 0.5372596153846154 0.039663461538461536 0.04567307692307692
1 0.7584134615384616 0.46274038461538464 0.03125 0.055288461538461536
1 0.7355769230769231 0.609375 0.038461538461538464 0.04326923076923077
1 0.6959134615384616 0.6514423076923077 0.030048076923076924 0.038461538461538464
1 0.7211538461538461 0.6838942307692307 0.026442307692307692 0.04447115384615385
1 0.8137019230769231 0.7620192307692307 0.040865384615384616 0.04927884615384615
1 0.8858173076923077 0.7536057692307693 0.04447115384615385 0.054086538461538464
1 0.8173076923076923 0.8064903846153846 0.03365384615384615 0.042067307692307696
1 0.8689903846153846 0.8858173076923077 0.040865384615384616 0.03245192307692308
1 0.8786057692307693 0.9206730769230769 0.030048076923076924 0.040865384615384616
1 0.7127403846153846 0.9771634615384616 0.028846153846153848 0.04447115384615385
0 0.6490384615384616 0.8413461538461539 0.29086538461538464 0.2848557692307692
0 0.7307692307692307 0.6838942307692307 0.5228365384615384 0.19951923076923078
0 0.42788461538461536 0.6310096153846154 0.19230769230769232 0.34375
0 0.7259615384615384 0.5012019230769231 0.40865384615384615 0.1141826923076923
0 0.9567307692307693 0.40865384615384615 0.08173076923076923 0.21153846153846154
0 0.8040865384615384 0.31490384615384615 0.203125 0.12860576923076922
0 0.8990384615384616 0.20673076923076922 0.1971153846153846 0.11538461538461539
0 0.8942307692307693 0.0625 0.20673076923076922 0.1201923076923077