1 0.04567307692307692 0.2608173076923077 0.04927884615384615 0.07692307692307693
1 0.7391826923076923 0.8209134615384616 0.018028846153846152 0.03485576923076923
1 0.7091346153846154 0.8305288461538461 0.028846153846153848 0.040865384615384616
1 0.6911057692307693 0.8365384615384616 0.038461538461538464 0.039663461538461536
1 0.3161057692307692 0.9050480769230769 0.02403846153846154 0.036057692307692304
1 0.24879807692307693 0.9134615384615384 0.04447115384615385 0.038461538461538464
0 0.359375 0.7163461538461539 0.5661057692307693 0.3425480769230769
0 0.7247596153846154 0.5552884615384616 0.21514423076923078 0.30408653846153844
0 0.6778846153846154 0.3858173076923077 0.3173076923076923 0.26322115384615385
0 0.5432692307692307 0.21634615384615385 0.38461538461538464 0.4326923076923077
0 0.3485576923076923 0.4483173076923077 0.17548076923076922 0.3557692307692308
0 0.3762019230769231 0.47475961538461536 0.22956730769230768 0.15625
1 0.037259615384615384 0.7692307692307693 0.025240384615384616 0.02403846153846154
1 0.03365384615384615 0.8004807692307693 0.021634615384615384 0.03485576923076923
1 0.020432692307692308 0.78125 0.021634615384615384 0.021634615384615384