1 0.3112980769230769 0.7007211538461539 0.037259615384615384 0.04807692307692308
1 0.7463942307692307 0.5360576923076923 0.040865384615384616 0.046875
1 0.7199519230769231 0.6538461538461539 0.03485576923076923 0.04447115384615385
1 0.6682692307692307 0.5721153846153846 0.04927884615384615 0.038461538461538464
1 0.8125 0.6598557692307693 0.056490384615384616 0.05889423076923077
1 0.8293269230769231 0.765625 0.051682692307692304 0.05048076923076923
1 0.9158653846153846 0.7788461538461539 0.052884615384615384 0.07451923076923077
1 0.8978365384615384 0.9338942307692307 0.046875 0.038461538461538464
1 0.5504807692307693 0.38221153846153844 0.039663461538461536 0.057692307692307696
1 0.5432692307692307 0.5649038461538461 0.027644230769230768 0.03485576923076923
1 0.49759615384615385 0.7512019230769231 0.026442307692307692 0.037259615384615384
1 0.5336538461538461 0.7548076923076923 0.028846153846153848 0.037259615384615384
1 0.515625 0.7836538461538461 0.026442307692307692 0.030048076923076924
1 0.5276442307692307 0.8173076923076923 0.042067307692307696 0.04326923076923077
1 0.5540865384615384 0.9651442307692307 0.042067307692307696 0.04567307692307692
1 0.14783653846153846 0.8942307692307693 0.020432692307692308 0.027644230769230768
1 0.17908653846153846 0.8990384615384616 0.019230769230769232 0.02403846153846154
1 0.1971153846153846 0.9038461538461539 0.018028846153846152 0.026442307692307692
1 0.203125 0.9242788461538461 0.021634615384615384 0.028846153846153848
1 0.18028846153846154 0.9230769230769231 0.025240384615384616 0.03365384615384615
1 0.16346153846153846 0.9230769230769231 0.016826923076923076 0.025240384615384616
1 0.15264423076923078 0.921875 0.02283653846153846 0.018028846153846152
1 0.1141826923076923 0.9110576923076923 0.010817307692307692 0.028846153846153848
1 0.10096153846153846 0.9110576923076923 0.015625 0.03125
1 0.08173076923076923 0.9050480769230769 0.026442307692307692 0.030048076923076924
1 0.5168269230769231 0.11899038461538461 0.04807692307692308 0.04447115384615385
1 0.5348557692307693 0.171875 0.028846153846153848 0.03485576923076923
1 0.5360576923076923 0.21875 0.02403846153846154 0.03125
1 0.5552884615384616 0.21394230769230768 0.02283653846153846 0.03245192307692308
1 0.6141826923076923 0.03245192307692308 0.025240384615384616 0.03485576923076923
1 0.5829326923076923 0.03125 0.03365384615384615 0.039663461538461536
0 0.43028846153846156 0.421875 0.22115384615384615 0.3125
0 0.5240384615384616 0.47115384615384615 0.11057692307692307 0.38341346153846156
0 0.7848557692307693 0.5288461538461539 0.2800480769230769 0.4651442307692308
0 0.9471153846153846 0.4891826923076923 0.1045673076923077 0.3245192307692308
0 0.8846153846153846 0.20793269230769232 0.16466346153846154 0.18389423076923078
0 0.6658653846153846 0.21754807692307693 0.3629807692307692 0.43509615384615385
0 0.7764423076923077 0.24519230769230768 0.44591346153846156 0.36538461538461536