1 0.028846153846153848 0.45072115384615385 0.02403846153846154 0.039663461538461536
1 0.04927884615384615 0.46634615384615385 0.021634615384615384 0.03365384615384615
1 0.0673076923076923 0.44471153846153844 0.021634615384615384 0.03245192307692308
1 0.10817307692307693 0.4026442307692308 0.03125 0.036057692307692304
1 0.13701923076923078 0.30288461538461536 0.03485576923076923 0.03485576923076923
1 0.23317307692307693 0.2548076923076923 0.025240384615384616 0.018028846153846152
1 0.24879807692307693 0.2692307692307692 0.021634615384615384 0.03245192307692308
1 0.22355769230769232 0.27163461538461536 0.018028846153846152 0.03125
1 0.23677884615384615 0.28966346153846156 0.030048076923076924 0.03245192307692308
1 0.29447115384615385 0.23317307692307693 0.037259615384615384 0.037259615384615384
1 0.3112980769230769 0.18870192307692307 0.025240384615384616 0.036057692307692304
1 0.328125 0.25240384615384615 0.027644230769230768 0.03365384615384615
1 0.4014423076923077 0.1466346153846154 0.036057692307692304 0.04326923076923077
1 0.41346153846153844 0.06370192307692307 0.04326923076923077 0.038461538461538464
1 0.5012019230769231 0.4050480769230769 0.03125 0.04447115384615385
1 0.48197115384615385 0.42427884615384615 0.018028846153846152 0.037259615384615384
1 0.46634615384615385 0.4110576923076923 0.02403846153846154 0.03485576923076923
1 0.44350961538461536 0.421875 0.018028846153846152 0.027644230769230768
1 0.49759615384615385 0.7944711538461539 0.03485576923076923 0.04447115384615385
1 0.5228365384615384 0.7884615384615384 0.021634615384615384 0.037259615384615384
1 0.4326923076923077 0.609375 0.021634615384615384 0.03245192307692308
1 0.8822115384615384 0.38100961538461536 0.03365384615384615 0.04326923076923077
1 0.8137019230769231 0.4639423076923077 0.020432692307692308 0.02403846153846154
1 0.8341346153846154 0.47475961538461536 0.016826923076923076 0.02283653846153846
1 0.8509615384615384 0.484375 0.019230769230769232 0.02283653846153846
1 0.8317307692307693 0.5 0.018028846153846152 0.026442307692307692
1 0.8173076923076923 0.484375 0.018028846153846152 0.021634615384615384
1 0.8485576923076923 0.5096153846153846 0.013221153846153846 0.030048076923076924
0 0.10697115384615384 0.2403846153846154 0.21394230769230768 0.140625
0 0.46274038461538464 0.09254807692307693 0.21514423076923078 0.12259615384615384
0 0.6622596153846154 0.12620192307692307 0.22115384615384615 0.06850961538461539
0 0.6370192307692307 0.21514423076923078 0.5552884615384616 0.3245192307692308
0 0.8786057692307693 0.3004807692307692 0.24158653846153846 0.15625
0 0.48677884615384615 0.5336538461538461 0.19230769230769232 0.3737980769230769
0 0.671875 0.546875 0.5036057692307693 0.22596153846153846
0 0.7091346153846154 0.8401442307692307 0.30528846153846156 0.16826923076923078