1 0.5120192307692307 0.421875 0.040865384615384616 0.06129807692307692
1 0.4411057692307692 0.4651442307692308 0.036057692307692304 0.040865384615384616
1 0.5661057692307693 0.30288461538461536 0.025240384615384616 0.027644230769230768
1 0.5925480769230769 0.2247596153846154 0.030048076923076924 0.054086538461538464
1 0.6165865384615384 0.16706730769230768 0.03365384615384615 0.04326923076923077
1 0.6189903846153846 0.12139423076923077 0.026442307692307692 0.028846153846153848
1 0.6274038461538461 0.042067307692307696 0.04326923076923077 0.051682692307692304
1 0.6742788461538461 0.20192307692307693 0.028846153846153848 0.03485576923076923
1 0.6274038461538461 0.5288461538461539 0.030048076923076924 0.051682692307692304
1 0.6370192307692307 0.5588942307692307 0.025240384615384616 0.025240384615384616
1 0.7728365384615384 0.5216346153846154 0.03485576923076923 0.046875
1 0.7680288461538461 0.5757211538461539 0.03365384615384615 0.037259615384615384
1 0.9387019230769231 0.6850961538461539 0.03245192307692308 0.04927884615384615
1 0.9050480769230769 0.8245192307692307 0.025240384615384616 0.042067307692307696
1 0.8798076923076923 0.8245192307692307 0.025240384615384616 0.040865384615384616
1 0.875 0.7788461538461539 0.03125 0.037259615384615384
1 0.8786057692307693 0.7391826923076923 0.039663461538461536 0.052884615384615384
1 0.7019230769230769 0.6237980769230769 0.028846153846153848 0.03365384615384615
1 0.6875 0.6478365384615384 0.03125 0.03365384615384615
1 0.6790865384615384 0.6826923076923077 0.027644230769230768 0.03245192307692308
1 0.5576923076923077 0.9723557692307693 0.052884615384615384 0.05048076923076923
1 0.6971153846153846 0.9350961538461539 0.018028846153846152 0.03245192307692308
1 0.7115384615384616 0.9519230769230769 0.025240384615384616 0.03365384615384615
1 0.6971153846153846 0.96875 0.021634615384615384 0.027644230769230768
0 0.41346153846153844 0.6225961538461539 0.2091346153846154 0.28365384615384615
0 0.5637019230769231 0.7211538461538461 0.25841346153846156 0.28125
0 0.671875 0.6754807692307693 0.5096153846153846 0.21875
0 0.9230769230769231 0.4483173076923077 0.15264423076923078 0.5384615384615384
0 0.7956730769230769 0.3473557692307692 0.21875 0.11538461538461539
0 0.7007211538461539 0.47836538461538464 0.3173076923076923 0.19230769230769232
0 0.9326923076923077 0.140625 0.13341346153846154 0.11778846153846154
0 0.9254807692307693 0.036057692307692304 0.14423076923076922 0.07211538461538461