1 0.30288461538461536 0.0625 0.039663461538461536 0.04807692307692308
1 0.8737980769230769 0.014423076923076924 0.040865384615384616 0.027644230769230768
1 0.7536057692307693 0.014423076923076924 0.028846153846153848 0.027644230769230768
1 0.484375 0.19951923076923078 0.028846153846153848 0.04447115384615385
1 0.3641826923076923 0.11057692307692307 0.025240384615384616 0.05048076923076923
1 0.26802884615384615 0.1201923076923077 0.026442307692307692 0.04447115384615385
1 0.13221153846153846 0.21875 0.027644230769230768 0.04326923076923077
1 0.07572115384615384 0.25841346153846156 0.040865384615384616 0.054086538461538464
1 0.20072115384615385 0.20673076923076922 0.021634615384615384 0.036057692307692304
1 0.2247596153846154 0.21514423076923078 0.025240384615384616 0.03245192307692308
1 0.6069711538461539 0.3954326923076923 0.04927884615384615 0.08413461538461539
1 0.8533653846153846 0.4735576923076923 0.05048076923076923 0.07091346153846154
1 0.15985576923076922 0.6862980769230769 0.078125 0.07451923076923077
1 0.25240384615384615 0.41947115384615385 0.028846153846153848 0.02403846153846154
1 0.2403846153846154 0.4387019230769231 0.020432692307692308 0.026442307692307692
1 0.22235576923076922 0.4362980769230769 0.021634615384615384 0.02403846153846154
1 0.20552884615384615 0.44350961538461536 0.015625 0.028846153846153848
1 0.2403846153846154 0.7848557692307693 0.03245192307692308 0.03125
1 0.24879807692307693 0.8245192307692307 0.028846153846153848 0.038461538461538464
1 0.4951923076923077 0.609375 0.02403846153846154 0.030048076923076924
1 0.515625 0.5973557692307693 0.018028846153846152 0.030048076923076924
1 0.4963942307692308 0.5757211538461539 0.020432692307692308 0.02403846153846154
1 0.5060096153846154 0.5576923076923077 0.03365384615384615 0.04567307692307692
1 0.5192307692307693 0.5420673076923077 0.014423076923076924 0.026442307692307692
0 0.5961538461538461 0.125 0.39302884615384615 0.15745192307692307
0 0.5528846153846154 0.042067307692307696 0.25 0.08413461538461539
0 0.7740384615384616 0.24879807692307693 0.3317307692307692 0.2776442307692308
0 0.7860576923076923 0.44471153846153844 0.41947115384615385 0.4723557692307692
0 0.71875 0.8197115384615384 0.33052884615384615 0.21033653846153846
0 0.3629807692307692 0.5745192307692307 0.24519230769230768 0.34375
0 0.13942307692307693 0.4963942307692308 0.11177884615384616 0.2980769230769231
0 0.4567307692307692 0.3233173076923077 0.5024038461538461 0.5408653846153846