1 0.109375 0.06490384615384616 0.046875 0.03365384615384615
1 0.49399038461538464 0.06370192307692307 0.03125 0.042067307692307696
1 0.5552884615384616 0.23557692307692307 0.03245192307692308 0.052884615384615384
1 0.7824519230769231 0.390625 0.03365384615384615 0.05048076923076923
1 0.20192307692307693 0.04567307692307692 0.020432692307692308 0.038461538461538464
1 0.21995192307692307 0.08653846153846154 0.018028846153846152 0.025240384615384616
1 0.20552884615384615 0.078125 0.018028846153846152 0.020432692307692308
1 0.20673076923076922 0.11057692307692307 0.02403846153846154 0.027644230769230768
1 0.20793269230769232 0.1310096153846154 0.02283653846153846 0.028846153846153848
1 0.18629807692307693 0.1310096153846154 0.018028846153846152 0.027644230769230768
1 0.45552884615384615 0.41947115384615385 0.020432692307692308 0.030048076923076924
1 0.42908653846153844 0.4206730769230769 0.026442307692307692 0.027644230769230768
1 0.4495192307692308 0.44711538461538464 0.020432692307692308 0.019230769230769232
1 0.42427884615384615 0.453125 0.016826923076923076 0.030048076923076924
1 0.4375 0.4699519230769231 0.02283653846153846 0.026442307692307692
1 0.4170673076923077 0.49158653846153844 0.02283653846153846 0.036057692307692304
1 0.20192307692307693 0.6225961538461539 0.040865384615384616 0.036057692307692304
1 0.19230769230769232 0.6574519230769231 0.03245192307692308 0.037259615384615384
1 0.19951923076923078 0.2776442307692308 0.03365384615384615 0.03365384615384615
1 0.19110576923076922 0.31009615384615385 0.015625 0.03245192307692308
1 0.17427884615384615 0.29086538461538464 0.02283653846153846 0.03365384615384615
1 0.15384615384615385 0.2920673076923077 0.02283653846153846 0.038461538461538464
1 0.10216346153846154 0.5360576923076923 0.03245192307692308 0.03485576923076923
0 0.90625 0.22956730769230768 0.17908653846153846 0.4579326923076923
0 0.7788461538461539 0.1971153846153846 0.34975961538461536 0.234375
0 0.6141826923076923 0.04447115384615385 0.3293269230769231 0.0889423076923077
0 0.2980769230769231 0.5492788461538461 0.25600961538461536 0.18629807692307693
0 0.71875 0.7151442307692307 0.29086538461538464 0.2704326923076923
0 0.12980769230769232 0.49158653846153844 0.16706730769230768 0.35216346153846156
0 0.44471153846153844 0.28725961538461536 0.5228365384615384 0.5745192307692307