0 0.6826923076923077 0.4879807692307692 0.44471153846153844 0.23798076923076922
1 0.9158653846153846 0.22115384615384615 0.036057692307692304 0.04326923076923077
1 0.9098557692307693 0.1466346153846154 0.037259615384615384 0.04807692307692308
1 0.9110576923076923 0.28725961538461536 0.03245192307692308 0.042067307692307696
1 0.9158653846153846 0.38341346153846156 0.030048076923076924 0.04567307692307692
1 0.6959134615384616 0.38221153846153844 0.027644230769230768 0.038461538461538464
1 0.7295673076923077 0.6346153846153846 0.04326923076923077 0.05048076923076923
1 0.7884615384615384 0.07451923076923077 0.038461538461538464 0.042067307692307696
1 0.7776442307692307 0.10576923076923077 0.021634615384615384 0.03485576923076923
1 0.6213942307692307 0.09975961538461539 0.04567307692307692 0.06129807692307692
1 0.7247596153846154 0.2692307692307692 0.037259615384615384 0.05048076923076923
1 0.6646634615384616 0.23557692307692307 0.039663461538461536 0.04567307692307692
1 0.6538461538461539 0.25961538461538464 0.030048076923076924 0.036057692307692304
1 0.625 0.296875 0.03245192307692308 0.054086538461538464
1 0.5540865384615384 0.21033653846153846 0.037259615384615384 0.04447115384615385
1 0.3389423076923077 0.5913461538461539 0.037259615384615384 0.040865384615384616
1 0.2860576923076923 0.4987980769230769 0.030048076923076924 0.036057692307692304
1 0.23317307692307693 0.5661057692307693 0.028846153846153848 0.036057692307692304
1 0.46875 0.7788461538461539 0.025240384615384616 0.04807692307692308
1 0.7487980769230769 0.9747596153846154 0.06490384615384616 0.04567307692307692
1 0.1778846153846154 0.5997596153846154 0.040865384615384616 0.056490384615384616
1 0.1971153846153846 0.8617788461538461 0.025240384615384616 0.042067307692307696
1 0.2247596153846154 0.8966346153846154 0.02403846153846154 0.028846153846153848
1 0.20192307692307693 0.9086538461538461 0.02403846153846154 0.03365384615384615
1 0.22115384615384615 0.9182692307692307 0.030048076923076924 0.042067307692307696
1 0.21033653846153846 0.9350961538461539 0.021634615384615384 0.030048076923076924
1 0.17548076923076922 0.9230769230769231 0.028846153846153848 0.028846153846153848
1 0.18990384615384615 0.9411057692307693 0.018028846153846152 0.028846153846153848
1 0.20552884615384615 0.9543269230769231 0.025240384615384616 0.03365384615384615
1 0.15985576923076922 0.9519230769230769 0.021634615384615384 0.03125
1 0.17067307692307693 0.9675480769230769 0.015625 0.028846153846153848
1 0.18509615384615385 0.9627403846153846 0.02403846153846154 0.04447115384615385
1 0.1971153846153846 0.9807692307692307 0.020432692307692308 0.02403846153846154
1 0.234375 0.9855769230769231 0.036057692307692304 0.02403846153846154
1 0.24639423076923078 0.9230769230769231 0.020432692307692308 0.03125
1 0.265625 0.9038461538461539 0.03245192307692308 0.040865384615384616
1 0.3737980769230769 0.9350961538461539 0.02283653846153846 0.03125
1 0.3942307692307692 0.9483173076923077 0.020432692307692308 0.037259615384615384
1 0.37740384615384615 0.9603365384615384 0.02403846153846154 0.027644230769230768
1 0.41466346153846156 0.7451923076923077 0.02403846153846154 0.03485576923076923
1 0.4014423076923077 0.7692307692307693 0.02403846153846154 0.026442307692307692
1 0.4230769230769231 0.7716346153846154 0.016826923076923076 0.027644230769230768
1 0.43990384615384615 0.7704326923076923 0.016826923076923076 0.018028846153846152
1 0.4483173076923077 0.7932692307692307 0.018028846153846152 0.030048076923076924
1 0.43149038461538464 0.7908653846153846 0.013221153846153846 0.025240384615384616
1 0.41947115384615385 0.7884615384615384 0.019230769230769232 0.02283653846153846
0 0.42908653846153844 0.7548076923076923 0.25841346153846156 0.12379807692307693
0 0.5360576923076923 0.8810096153846154 0.3137019230769231 0.13341346153846154
0 0.5733173076923077 0.29927884615384615 0.6117788461538461 0.21153846153846154
0 0.5012019230769231 0.203125 0.35697115384615385 0.17908653846153846
0 0.5901442307692307 0.055288461538461536 0.53125 0.1045673076923077