1 0.11899038461538461 0.234375 0.03245192307692308 0.04927884615384615
1 0.6225961538461539 0.17427884615384615 0.039663461538461536 0.04447115384615385
1 0.7536057692307693 0.09014423076923077 0.039663461538461536 0.04807692307692308
1 0.7788461538461539 0.1658653846153846 0.020432692307692308 0.03485576923076923
1 0.8545673076923077 0.04807692307692308 0.027644230769230768 0.042067307692307696
1 0.9002403846153846 0.1201923076923077 0.037259615384615384 0.04447115384615385
1 0.6129807692307693 0.019230769230769232 0.03245192307692308 0.038461538461538464
1 0.5721153846153846 0.028846153846153848 0.030048076923076924 0.037259615384615384
1 0.5745192307692307 0.06610576923076923 0.027644230769230768 0.038461538461538464
1 0.5396634615384616 0.05048076923076923 0.026442307692307692 0.040865384615384616
1 0.5348557692307693 0.4014423076923077 0.027644230769230768 0.05889423076923077
1 0.6165865384615384 0.9603365384615384 0.037259615384615384 0.055288461538461536
1 0.06971153846153846 0.4543269230769231 0.046875 0.052884615384615384
1 0.2439903846153846 0.7896634615384616 0.028846153846153848 0.04326923076923077
1 0.25600961538461536 0.8173076923076923 0.021634615384615384 0.02403846153846154
1 0.27163461538461536 0.7824519230769231 0.03125 0.036057692307692304
1 0.29447115384615385 0.9699519230769231 0.026442307692307692 0.05889423076923077
1 0.31971153846153844 0.9735576923076923 0.025240384615384616 0.03125
1 0.13221153846153846 0.953125 0.02283653846153846 0.03245192307692308
1 0.10817307692307693 0.9471153846153846 0.030048076923076924 0.028846153846153848
1 0.07091346153846154 0.7584134615384616 0.030048076923076924 0.046875
1 0.2776442307692308 0.6105769230769231 0.02283653846153846 0.03365384615384615
1 0.2824519230769231 0.6358173076923077 0.025240384615384616 0.030048076923076924
1 0.26802884615384615 0.6237980769230769 0.018028846153846152 0.019230769230769232
1 0.25961538461538464 0.6394230769230769 0.02403846153846154 0.040865384615384616
1 0.2439903846153846 0.6382211538461539 0.02283653846153846 0.036057692307692304
1 0.24519230769230768 0.6622596153846154 0.02283653846153846 0.027644230769230768
1 0.22115384615384615 0.6322115384615384 0.027644230769230768 0.027644230769230768
1 0.2247596153846154 0.6646634615384616 0.021634615384615384 0.038461538461538464
1 0.06129807692307692 0.6550480769230769 0.021634615384615384 0.030048076923076924
1 0.078125 0.6706730769230769 0.021634615384615384 0.040865384615384616
1 0.06129807692307692 0.6850961538461539 0.02283653846153846 0.03125
1 0.06490384615384616 0.7055288461538461 0.025240384615384616 0.026442307692307692
1 0.042067307692307696 0.7139423076923077 0.03485576923076923 0.038461538461538464
1 0.04326923076923077 0.7427884615384616 0.018028846153846152 0.038461538461538464
1 0.008413461538461538 0.7067307692307693 0.016826923076923076 0.03365384615384615
1 0.03365384615384615 0.8485576923076923 0.026442307692307692 0.03485576923076923
1 0.013221153846153846 0.8389423076923077 0.025240384615384616 0.03245192307692308
1 0.013221153846153846 0.8689903846153846 0.021634615384615384 0.03365384615384615
1 0.03245192307692308 0.8774038461538461 0.025240384615384616 0.038461538461538464
1 0.03245192307692308 0.9074519230769231 0.036057692307692304 0.037259615384615384
1 0.01201923076923077 0.7295673076923077 0.015625 0.018028846153846152
1 0.09134615384615384 0.2692307692307692 0.040865384615384616 0.052884615384615384
0 0.859375 0.3858173076923077 0.2776442307692308 0.1814903846153846
0 0.8497596153846154 0.17067307692307693 0.29927884615384615 0.18028846153846154
0 0.47115384615384615 0.08052884615384616 0.30288461538461536 0.16105769230769232
0 0.3858173076923077 0.38822115384615385 0.41586538461538464 0.7391826923076923
0 0.671875 0.5913461538461539 0.2860576923076923 0.21875
0 0.6225961538461539 0.8425480769230769 0.32091346153846156 0.140625