1 0.1622596153846154 0.14423076923076922 0.042067307692307696 0.04807692307692308
1 0.1466346153846154 0.03125 0.040865384615384616 0.052884615384615384
1 0.515625 0.20793269230769232 0.030048076923076924 0.019230769230769232
1 0.5276442307692307 0.18870192307692307 0.016826923076923076 0.03365384615384615
1 0.5408653846153846 0.20793269230769232 0.021634615384615384 0.025240384615384616
1 0.5420673076923077 0.1778846153846154 0.02283653846153846 0.025240384615384616
1 0.578125 0.4206730769230769 0.042067307692307696 0.06971153846153846
1 0.19471153846153846 0.6706730769230769 0.04326923076923077 0.055288461538461536
1 0.11778846153846154 0.39302884615384615 0.037259615384615384 0.046875
0 0.6009615384615384 0.6742788461538461 0.24519230769230768 0.33413461538461536
0 0.34134615384615385 0.78125 0.3137019230769231 0.28125
0 0.12139423076923077 0.5564903846153846 0.24158653846153846 0.6814903846153846
0 0.2439903846153846 0.484375 0.43149038461538464 0.5456730769230769
0 0.31490384615384615 0.16105769230769232 0.3088942307692308 0.22235576923076922
0 0.34134615384615385 0.04807692307692308 0.3798076923076923 0.09615384615384616
0 0.5504807692307693 0.30528846153846156 0.3004807692307692 0.26322115384615385