1 0.09014423076923077 0.2091346153846154 0.010817307692307692 0.014423076923076924
1 0.0985576923076923 0.20432692307692307 0.009615384615384616 0.013221153846153846
1 0.09495192307692307 0.21634615384615385 0.008413461538461538 0.01201923076923077
1 0.1045673076923077 0.21153846153846154 0.007211538461538462 0.013221153846153846
1 0.11057692307692307 0.20793269230769232 0.008413461538461538 0.01201923076923077
1 0.11538461538461539 0.2127403846153846 0.009615384615384616 0.01201923076923077
1 0.109375 0.22115384615384615 0.008413461538461538 0.01201923076923077
1 0.10216346153846154 0.22355769230769232 0.009615384615384616 0.014423076923076924
1 0.09615384615384616 0.22956730769230768 0.009615384615384616 0.018028846153846152
1 0.1045673076923077 0.23557692307692307 0.010817307692307692 0.015625
1 0.0985576923076923 0.2439903846153846 0.009615384615384616 0.014423076923076924
1 0.11177884615384616 0.23557692307692307 0.008413461538461538 0.015625
1 0.11658653846153846 0.2247596153846154 0.009615384615384616 0.014423076923076924
1 0.11899038461538461 0.23918269230769232 0.01201923076923077 0.014423076923076924
1 0.18028846153846154 0.3894230769230769 0.016826923076923076 0.020432692307692308
1 0.027644230769230768 0.6057692307692307 0.013221153846153846 0.015625
1 0.016826923076923076 0.6225961538461539 0.008413461538461538 0.01201923076923077
1 0.008413461538461538 0.6262019230769231 0.009615384615384616 0.014423076923076924
1 0.015625 0.6358173076923077 0.009615384615384616 0.01201923076923077
1 0.013221153846153846 0.6454326923076923 0.010817307692307692 0.014423076923076924
1 0.019230769230769232 0.65625 0.010817307692307692 0.010817307692307692
1 0.014423076923076924 0.6586538461538461 0.009615384615384616 0.018028846153846152
1 0.008413461538461538 0.6622596153846154 0.009615384615384616 0.018028846153846152
1 0.002403846153846154 0.6682692307692307 0.004807692307692308 0.016826923076923076
1 0.051682692307692304 0.6658653846153846 0.015625 0.021634615384615384
1 0.0673076923076923 0.6045673076923077 0.010817307692307692 0.019230769230769232
1 0.07692307692307693 0.6129807692307693 0.009615384615384616 0.014423076923076924
1 0.051682692307692304 0.7608173076923077 0.01201923076923077 0.016826923076923076
1 0.09375 0.703125 0.018028846153846152 0.019230769230769232
1 0.13341346153846154 0.6826923076923077 0.009615384615384616 0.021634615384615384
1 0.10096153846153846 0.5480769230769231 0.01201923076923077 0.015625
1 0.12379807692307693 0.5745192307692307 0.008413461538461538 0.016826923076923076
1 0.13221153846153846 0.5757211538461539 0.01201923076923077 0.020432692307692308
1 0.14182692307692307 0.5769230769230769 0.010817307692307692 0.013221153846153846
1 0.18629807692307693 0.5625 0.009615384615384616 0.015625
1 0.17427884615384615 0.5228365384615384 0.013221153846153846 0.014423076923076924
1 0.25961538461538464 0.28125 0.014423076923076924 0.020432692307692308
1 0.2512019230769231 0.2932692307692308 0.01201923076923077 0.021634615384615384
1 0.2439903846153846 0.2644230769230769 0.010817307692307692 0.013221153846153846
1 0.2536057692307692 0.25600961538461536 0.01201923076923077 0.015625
1 0.24639423076923078 0.25240384615384615 0.009615384615384616 0.018028846153846152
1 0.25600961538461536 0.2439903846153846 0.013221153846153846 0.01201923076923077
1 0.2536057692307692 0.23076923076923078 0.009615384615384616 0.014423076923076924
1 0.24759615384615385 0.2403846153846154 0.008413461538461538 0.009615384615384616
1 0.24519230769230768 0.22956730769230768 0.010817307692307692 0.010817307692307692
1 0.23918269230769232 0.24278846153846154 0.008413461538461538 0.014423076923076924
1 0.23798076923076922 0.22956730769230768 0.010817307692307692 0.013221153846153846
1 0.28725961538461536 0.17067307692307693 0.01201923076923077 0.015625
1 0.2860576923076923 0.18028846153846154 0.013221153846153846 0.013221153846153846
1 0.28846153846153844 0.18990384615384615 0.010817307692307692 0.009615384615384616
1 0.2800480769230769 0.18870192307692307 0.01201923076923077 0.020432692307692308
1 0.31009615384615385 0.3858173076923077 0.009615384615384616 0.016826923076923076
1 0.3161057692307692 0.39663461538461536 0.009615384615384616 0.016826923076923076
1 0.3076923076923077 0.39903846153846156 0.008413461538461538 0.018028846153846152
1 0.3173076923076923 0.24639423076923078 0.01201923076923077 0.013221153846153846
1 0.3329326923076923 0.23798076923076922 0.01201923076923077 0.014423076923076924
1 0.3473557692307692 0.23798076923076922 0.019230769230769232 0.015625
1 0.328125 0.25 0.008413461538461538 0.014423076923076924
1 0.33774038461538464 0.25 0.009615384615384616 0.015625
1 0.33052884615384615 0.25961538461538464 0.007211538461538462 0.013221153846153846
1 0.3233173076923077 0.25841346153846156 0.008413461538461538 0.01201923076923077
1 0.3389423076923077 0.2608173076923077 0.009615384615384616 0.016826923076923076
1 0.3269230769230769 0.26802884615384615 0.010817307692307692 0.016826923076923076
1 0.33052884615384615 0.28125 0.007211538461538462 0.013221153846153846
1 0.33533653846153844 0.2704326923076923 0.009615384615384616 0.013221153846153846
1 0.3449519230769231 0.2704326923076923 0.009615384615384616 0.015625
1 0.34615384615384615 0.28125 0.01201923076923077 0.01201923076923077
1 0.33653846153846156 0.2860576923076923 0.008413461538461538 0.019230769230769232
1 0.4639423076923077 0.3545673076923077 0.009615384615384616 0.015625
1 0.42427884615384615 0.44591346153846156 0.009615384615384616 0.013221153846153846
1 0.4170673076923077 0.44471153846153844 0.010817307692307692 0.014423076923076924
1 0.4074519230769231 0.44350961538461536 0.008413461538461538 0.010817307692307692
1 0.4110576923076923 0.4543269230769231 0.010817307692307692 0.01201923076923077
1 0.41947115384615385 0.45552884615384615 0.010817307692307692 0.013221153846153846
1 0.4230769230769231 0.46875 0.008413461538461538 0.009615384615384616
1 0.41346153846153844 0.46634615384615385 0.006009615384615385 0.01201923076923077
1 0.40625 0.4639423076923077 0.008413461538461538 0.014423076923076924
1 0.4170673076923077 0.47836538461538464 0.008413461538461538 0.01201923076923077
1 0.5240384615384616 0.49759615384615385 0.016826923076923076 0.016826923076923076
1 0.5408653846153846 0.23076923076923078 0.015625 0.020432692307692308
1 0.5637019230769231 0.2848557692307692 0.013221153846153846 0.013221153846153846
1 0.5588942307692307 0.29927884615384615 0.01201923076923077 0.014423076923076924
1 0.5757211538461539 0.30288461538461536 0.019230769230769232 0.016826923076923076
1 0.5625 0.3076923076923077 0.01201923076923077 0.016826923076923076
1 0.5733173076923077 0.3161057692307692 0.009615384615384616 0.014423076923076924
1 0.5637019230769231 0.32211538461538464 0.010817307692307692 0.013221153846153846
1 0.5733173076923077 0.3317307692307692 0.014423076923076924 0.018028846153846152
1 0.5396634615384616 0.3894230769230769 0.01201923076923077 0.013221153846153846
1 0.5492788461538461 0.38100961538461536 0.013221153846153846 0.016826923076923076
1 0.5576923076923077 0.3870192307692308 0.006009615384615385 0.009615384615384616
1 0.5504807692307693 0.39663461538461536 0.010817307692307692 0.020432692307692308
1 0.5588942307692307 0.4014423076923077 0.01201923076923077 0.014423076923076924
1 0.6105769230769231 0.5973557692307693 0.021634615384615384 0.02283653846153846
1 0.6358173076923077 0.6646634615384616 0.013221153846153846 0.021634615384615384
1 0.7055288461538461 0.6682692307692307 0.014423076923076924 0.018028846153846152
1 0.6947115384615384 0.6766826923076923 0.007211538461538462 0.020432692307692308
1 0.609375 0.4567307692307692 0.010817307692307692 0.018028846153846152
1 0.6033653846153846 0.4387019230769231 0.009615384615384616 0.016826923076923076
1 0.5889423076923077 0.44471153846153844 0.010817307692307692 0.014423076923076924
1 0.5961538461538461 0.44471153846153844 0.007211538461538462 0.01201923076923077
1 0.6021634615384616 0.45072115384615385 0.013221153846153846 0.009615384615384616
1 0.5985576923076923 0.4639423076923077 0.010817307692307692 0.015625
1 0.5901442307692307 0.45552884615384615 0.010817307692307692 0.01201923076923077
1 0.7163461538461539 0.5564903846153846 0.01201923076923077 0.025240384615384616
1 0.7403846153846154 0.5733173076923077 0.010817307692307692 0.016826923076923076
1 0.75 0.5817307692307693 0.007211538461538462 0.018028846153846152
1 0.7524038461538461 0.5661057692307693 0.009615384615384616 0.013221153846153846
1 0.7608173076923077 0.578125 0.010817307692307692 0.016826923076923076
1 0.7608173076923077 0.5637019230769231 0.009615384615384616 0.01201923076923077
1 0.7764423076923077 0.6730769230769231 0.02283653846153846 0.015625
1 0.7752403846153846 0.5805288461538461 0.014423076923076924 0.016826923076923076
1 0.7704326923076923 0.5649038461538461 0.010817307692307692 0.015625
1 0.7776442307692307 0.5552884615384616 0.009615384615384616 0.009615384615384616
1 0.7788461538461539 0.5709134615384616 0.010817307692307692 0.013221153846153846
1 0.7872596153846154 0.5625 0.010817307692307692 0.01201923076923077
1 0.7920673076923077 0.5733173076923077 0.009615384615384616 0.015625
1 0.7860576923076923 0.5793269230769231 0.007211538461538462 0.015625
1 0.8341346153846154 0.5348557692307693 0.014423076923076924 0.015625
1 0.8473557692307693 0.5384615384615384 0.010817307692307692 0.020432692307692308
1 0.8377403846153846 0.5480769230769231 0.009615384615384616 0.013221153846153846
1 0.8497596153846154 0.5504807692307693 0.007211538461538462 0.015625
1 0.8413461538461539 0.5600961538461539 0.013221153846153846 0.014423076923076924
1 0.8533653846153846 0.5649038461538461 0.01201923076923077 0.010817307692307692
1 0.8461538461538461 0.5733173076923077 0.015625 0.014423076923076924
1 0.8365384615384616 0.5817307692307693 0.01201923076923077 0.014423076923076924
1 0.8329326923076923 0.6237980769230769 0.013221153846153846 0.02403846153846154
1 0.84375 0.6310096153846154 0.013221153846153846 0.018028846153846152
1 0.7415865384615384 0.7151442307692307 0.018028846153846152 0.016826923076923076
1 0.8088942307692307 0.828125 0.019230769230769232 0.021634615384615384
1 0.8161057692307693 0.8377403846153846 0.014423076923076924 0.019230769230769232
1 0.8257211538461539 0.8233173076923077 0.015625 0.015625
1 0.8822115384615384 0.71875 0.015625 0.018028846153846152
1 0.8918269230769231 0.7331730769230769 0.01201923076923077 0.015625
1 0.9050480769230769 0.7283653846153846 0.015625 0.016826923076923076
1 0.9170673076923077 0.6682692307692307 0.021634615384615384 0.028846153846153848
1 0.9375 0.6778846153846154 0.013221153846153846 0.021634615384615384
1 0.9314903846153846 0.6610576923076923 0.013221153846153846 0.020432692307692308