1 0.23076923076923078 0.15504807692307693 0.014423076923076924 0.014423076923076924
1 0.29927884615384615 0.3737980769230769 0.01201923076923077 0.01201923076923077
1 0.3016826923076923 0.38341346153846156 0.018028846153846152 0.010817307692307692
1 0.16706730769230768 0.42427884615384615 0.010817307692307692 0.009615384615384616
1 0.15384615384615385 0.4254807692307692 0.009615384615384616 0.007211538461538462
1 0.15985576923076922 0.4326923076923077 0.008413461538461538 0.006009615384615385
1 0.16105769230769232 0.4519230769230769 0.015625 0.007211538461538462
1 0.14903846153846154 0.45552884615384615 0.009615384615384616 0.008413461538461538
1 0.15625 0.46153846153846156 0.010817307692307692 0.007211538461538462
1 0.14903846153846154 0.46153846153846156 0.010817307692307692 0.006009615384615385
1 0.15384615384615385 0.4651442307692308 0.016826923076923076 0.007211538461538462
1 0.14302884615384615 0.46875 0.01201923076923077 0.010817307692307692
1 0.140625 0.5096153846153846 0.010817307692307692 0.009615384615384616
1 0.1346153846153846 0.515625 0.008413461538461538 0.006009615384615385
1 0.12860576923076922 0.5204326923076923 0.010817307692307692 0.008413461538461538
1 0.12379807692307693 0.5240384615384616 0.010817307692307692 0.008413461538461538
1 0.13341346153846154 0.5252403846153846 0.007211538461538462 0.009615384615384616
1 0.12860576923076922 0.5288461538461539 0.010817307692307692 0.007211538461538462
1 0.14423076923076922 0.5168269230769231 0.009615384615384616 0.009615384615384616
1 0.13822115384615385 0.53125 0.009615384615384616 0.006009615384615385
1 0.1310096153846154 0.5372596153846154 0.009615384615384616 0.008413461538461538
1 0.14302884615384615 0.5360576923076923 0.004807692307692308 0.008413461538461538
1 0.22355769230769232 0.5108173076923077 0.009615384615384616 0.007211538461538462
1 0.22956730769230768 0.5144230769230769 0.010817307692307692 0.008413461538461538
1 0.22115384615384615 0.5144230769230769 0.007211538461538462 0.008413461538461538
1 0.33052884615384615 0.5408653846153846 0.016826923076923076 0.013221153846153846
1 0.2127403846153846 0.5384615384615384 0.010817307692307692 0.009615384615384616
1 0.21634615384615385 0.546875 0.007211538461538462 0.008413461538461538
1 0.20673076923076922 0.5456730769230769 0.009615384615384616 0.008413461538461538
1 0.21153846153846154 0.5516826923076923 0.007211538461538462 0.008413461538461538
1 0.19951923076923078 0.5444711538461539 0.009615384615384616 0.006009615384615385
1 0.20192307692307693 0.5516826923076923 0.008413461538461538 0.006009615384615385
1 0.1935096153846154 0.5492788461538461 0.01201923076923077 0.008413461538461538
1 0.18389423076923078 0.5480769230769231 0.007211538461538462 0.006009615384615385
1 0.18028846153846154 0.5552884615384616 0.008413461538461538 0.008413461538461538
1 0.18990384615384615 0.5564903846153846 0.010817307692307692 0.004807692307692308
1 0.19951923076923078 0.5564903846153846 0.006009615384615385 0.003605769230769231
1 0.1935096153846154 0.5612980769230769 0.009615384615384616 0.009615384615384616
1 0.18269230769230768 0.5612980769230769 0.006009615384615385 0.007211538461538462
1 0.375 0.5612980769230769 0.01201923076923077 0.007211538461538462
1 0.3629807692307692 0.5709134615384616 0.008413461538461538 0.006009615384615385
1 0.35336538461538464 0.5709134615384616 0.009615384615384616 0.004807692307692308
1 0.34615384615384615 0.5697115384615384 0.009615384615384616 0.007211538461538462
1 0.35697115384615385 0.5637019230769231 0.008413461538461538 0.004807692307692308
1 0.3473557692307692 0.5612980769230769 0.008413461538461538 0.008413461538461538
1 0.36658653846153844 0.5661057692307693 0.009615384615384616 0.007211538461538462
1 0.3581730769230769 0.5745192307692307 0.009615384615384616 0.007211538461538462
1 0.35697115384615385 0.5985576923076923 0.010817307692307692 0.01201923076923077
1 0.3173076923076923 0.6237980769230769 0.010817307692307692 0.008413461538461538
1 0.30649038461538464 0.6201923076923077 0.014423076923076924 0.007211538461538462
1 0.3112980769230769 0.6322115384615384 0.009615384615384616 0.008413461538461538
1 0.3016826923076923 0.6274038461538461 0.016826923076923076 0.007211538461538462
1 0.30408653846153844 0.6346153846153846 0.01201923076923077 0.010817307692307692
1 0.2932692307692308 0.6490384615384616 0.010817307692307692 0.008413461538461538
1 0.28725961538461536 0.6538461538461539 0.010817307692307692 0.007211538461538462
1 0.28125 0.6526442307692307 0.008413461538461538 0.006009615384615385
1 0.2860576923076923 0.6622596153846154 0.008413461538461538 0.008413461538461538
1 0.29447115384615385 0.6586538461538461 0.010817307692307692 0.007211538461538462
1 0.3173076923076923 0.6610576923076923 0.009615384615384616 0.007211538461538462
1 0.31009615384615385 0.6646634615384616 0.010817307692307692 0.008413461538461538
1 0.29927884615384615 0.6670673076923077 0.009615384615384616 0.006009615384615385
1 0.30649038461538464 0.6790865384615384 0.01201923076923077 0.007211538461538462
1 0.3942307692307692 0.6778846153846154 0.016826923076923076 0.013221153846153846
1 0.41586538461538464 0.6646634615384616 0.009615384615384616 0.01201923076923077
1 0.4387019230769231 0.59375 0.01201923076923077 0.008413461538461538
1 0.4266826923076923 0.5973557692307693 0.015625 0.006009615384615385
1 0.43149038461538464 0.5889423076923077 0.013221153846153846 0.010817307692307692
1 0.42788461538461536 0.5805288461538461 0.01201923076923077 0.007211538461538462
1 0.46274038461538464 0.59375 0.014423076923076924 0.009615384615384616
1 0.4735576923076923 0.6177884615384616 0.014423076923076924 0.009615384615384616
1 0.4891826923076923 0.6057692307692307 0.016826923076923076 0.009615384615384616
1 0.4795673076923077 0.5985576923076923 0.015625 0.008413461538461538
1 0.49759615384615385 0.7127403846153846 0.018028846153846152 0.008413461538461538
1 0.34975961538461536 0.9170673076923077 0.019230769230769232 0.010817307692307692
1 0.38100961538461536 0.8954326923076923 0.015625 0.01201923076923077
1 0.3954326923076923 0.9146634615384616 0.018028846153846152 0.008413461538461538
1 0.41346153846153844 0.9134615384615384 0.010817307692307692 0.009615384615384616
1 0.42427884615384615 0.9134615384615384 0.016826923076923076 0.009615384615384616
1 0.4675480769230769 0.9074519230769231 0.015625 0.009615384615384616
1 0.4951923076923077 0.9074519230769231 0.010817307692307692 0.008413461538461538
1 0.5012019230769231 0.9050480769230769 0.008413461538461538 0.010817307692307692
1 0.5276442307692307 0.9050480769230769 0.01201923076923077 0.009615384615384616
1 0.5348557692307693 0.8978365384615384 0.009615384615384616 0.006009615384615385
1 0.5060096153846154 0.8629807692307693 0.015625 0.008413461538461538
1 0.5084134615384616 0.7824519230769231 0.016826923076923076 0.009615384615384616
1 0.5625 0.8269230769230769 0.01201923076923077 0.010817307692307692
1 0.578125 0.8257211538461539 0.01201923076923077 0.009615384615384616
1 0.6009615384615384 0.8377403846153846 0.015625 0.010817307692307692
1 0.59375 0.8569711538461539 0.010817307692307692 0.009615384615384616
1 0.5625 0.8677884615384616 0.010817307692307692 0.010817307692307692
1 0.5997596153846154 0.8870192307692307 0.018028846153846152 0.009615384615384616
1 0.6574519230769231 0.8052884615384616 0.014423076923076924 0.009615384615384616
1 0.6466346153846154 0.7932692307692307 0.01201923076923077 0.008413461538461538
1 0.6514423076923077 0.7884615384615384 0.009615384615384616 0.010817307692307692
1 0.6887019230769231 0.8076923076923077 0.010817307692307692 0.014423076923076924
1 0.71875 0.7944711538461539 0.015625 0.010817307692307692
1 0.7259615384615384 0.8064903846153846 0.01201923076923077 0.010817307692307692
1 0.7391826923076923 0.8822115384615384 0.010817307692307692 0.007211538461538462
1 0.7175480769230769 0.7367788461538461 0.020432692307692308 0.013221153846153846
1 0.7019230769230769 0.7175480769230769 0.010817307692307692 0.009615384615384616
1 0.7872596153846154 0.6995192307692307 0.01201923076923077 0.014423076923076924
1 0.8413461538461539 0.7512019230769231 0.014423076923076924 0.014423076923076924
1 0.8521634615384616 0.7956730769230769 0.015625 0.008413461538461538
1 0.8810096153846154 0.8209134615384616 0.016826923076923076 0.008413461538461538
1 0.9086538461538461 0.8425480769230769 0.013221153846153846 0.010817307692307692
1 0.9230769230769231 0.8545673076923077 0.008413461538461538 0.007211538461538462
1 0.8413461538461539 0.8641826923076923 0.008413461538461538 0.009615384615384616
1 0.8341346153846154 0.8665865384615384 0.008413461538461538 0.008413461538461538
1 0.828125 0.8689903846153846 0.013221153846153846 0.008413461538461538
1 0.7800480769230769 0.6682692307692307 0.014423076923076924 0.008413461538461538
1 0.6610576923076923 0.6742788461538461 0.010817307692307692 0.009615384615384616
1 0.6334134615384616 0.671875 0.015625 0.010817307692307692
1 0.6610576923076923 0.6033653846153846 0.010817307692307692 0.007211538461538462
1 0.7115384615384616 0.5889423076923077 0.010817307692307692 0.008413461538461538
1 0.703125 0.5829326923076923 0.009615384615384616 0.008413461538461538
1 0.9423076923076923 0.5252403846153846 0.007211538461538462 0.008413461538461538
1 0.9350961538461539 0.5240384615384616 0.004807692307692308 0.007211538461538462
1 0.9362980769230769 0.5300480769230769 0.007211538461538462 0.003605769230769231
1 0.9254807692307693 0.5216346153846154 0.006009615384615385 0.007211538461538462
1 0.9350961538461539 0.5144230769230769 0.004807692307692308 0.006009615384615385
1 0.9411057692307693 0.5132211538461539 0.009615384615384616 0.004807692307692308
1 0.9411057692307693 0.5084134615384616 0.006009615384615385 0.006009615384615385
1 0.9483173076923077 0.5048076923076923 0.01201923076923077 0.006009615384615385
1 0.9387019230769231 0.5012019230769231 0.006009615384615385 0.006009615384615385
1 0.9350961538461539 0.5060096153846154 0.010817307692307692 0.004807692307692308
1 0.9314903846153846 0.5096153846153846 0.007211538461538462 0.007211538461538462