1 0.16105769230769232 0.41466346153846156 0.01201923076923077 0.008413461538461538
1 0.14903846153846154 0.4182692307692308 0.009615384615384616 0.007211538461538462
1 0.15625 0.42427884615384615 0.01201923076923077 0.008413461538461538
1 0.15384615384615385 0.45072115384615385 0.01201923076923077 0.008413461538461538
1 0.15865384615384615 0.4567307692307692 0.010817307692307692 0.007211538461538462
1 0.1502403846153846 0.45913461538461536 0.008413461538461538 0.006009615384615385
1 0.14543269230769232 0.453125 0.009615384615384616 0.007211538461538462
1 0.15865384615384615 0.4639423076923077 0.014423076923076924 0.009615384615384616
1 0.14543269230769232 0.4675480769230769 0.010817307692307692 0.009615384615384616
1 0.14783653846153846 0.5012019230769231 0.008413461538461538 0.006009615384615385
1 0.14423076923076922 0.5072115384615384 0.010817307692307692 0.006009615384615385
1 0.13701923076923078 0.5 0.008413461538461538 0.007211538461538462
1 0.13341346153846154 0.5060096153846154 0.008413461538461538 0.006009615384615385
1 0.12740384615384615 0.5132211538461539 0.008413461538461538 0.007211538461538462
1 0.13822115384615385 0.5108173076923077 0.008413461538461538 0.007211538461538462
1 0.13221153846153846 0.5168269230769231 0.007211538461538462 0.009615384615384616
1 0.14182692307692307 0.5180288461538461 0.010817307692307692 0.006009615384615385
1 0.14543269230769232 0.5228365384615384 0.006009615384615385 0.007211538461538462
1 0.13581730769230768 0.5240384615384616 0.009615384615384616 0.007211538461538462
1 0.2247596153846154 0.49759615384615385 0.010817307692307692 0.009615384615384616
1 0.23197115384615385 0.5048076923076923 0.009615384615384616 0.01201923076923077
1 0.22115384615384615 0.5072115384615384 0.009615384615384616 0.009615384615384616
1 0.21153846153846154 0.5408653846153846 0.009615384615384616 0.006009615384615385
1 0.20192307692307693 0.5408653846153846 0.008413461538461538 0.007211538461538462
1 0.20432692307692307 0.5336538461538461 0.01201923076923077 0.006009615384615385
1 0.21634615384615385 0.5360576923076923 0.010817307692307692 0.008413461538461538
1 0.19951923076923078 0.5456730769230769 0.009615384615384616 0.009615384615384616
1 0.19110576923076922 0.5372596153846154 0.010817307692307692 0.006009615384615385
1 0.19110576923076922 0.5456730769230769 0.009615384615384616 0.009615384615384616
1 0.1935096153846154 0.5516826923076923 0.007211538461538462 0.006009615384615385
1 0.20432692307692307 0.5504807692307693 0.009615384615384616 0.006009615384615385
1 0.2091346153846154 0.5480769230769231 0.008413461538461538 0.006009615384615385
1 0.21875 0.5420673076923077 0.010817307692307692 0.007211538461538462
1 0.2247596153846154 0.5360576923076923 0.009615384615384616 0.004807692307692308
1 0.22235576923076922 0.53125 0.010817307692307692 0.009615384615384616
1 0.28125 0.6358173076923077 0.01201923076923077 0.01201923076923077
1 0.2860576923076923 0.6430288461538461 0.008413461538461538 0.007211538461538462
1 0.2956730769230769 0.6418269230769231 0.009615384615384616 0.007211538461538462
1 0.2920673076923077 0.6346153846153846 0.009615384615384616 0.007211538461538462
1 0.30288461538461536 0.6370192307692307 0.013221153846153846 0.007211538461538462
1 0.328125 0.6550480769230769 0.010817307692307692 0.009615384615384616
1 0.31850961538461536 0.6574519230769231 0.009615384615384616 0.009615384615384616
1 0.3088942307692308 0.6574519230769231 0.009615384615384616 0.007211538461538462
1 0.29927884615384615 0.6598557692307693 0.008413461538461538 0.007211538461538462
1 0.3233173076923077 0.6201923076923077 0.007211538461538462 0.008413461538461538
1 0.3317307692307692 0.6237980769230769 0.008413461538461538 0.006009615384615385
1 0.32572115384615385 0.6310096153846154 0.008413461538461538 0.008413461538461538
1 0.3173076923076923 0.625 0.010817307692307692 0.006009615384615385
1 0.31490384615384615 0.6177884615384616 0.009615384615384616 0.008413461538461538
1 0.3581730769230769 0.5793269230769231 0.01201923076923077 0.008413461538461538
1 0.39663461538461536 0.6382211538461539 0.008413461538461538 0.008413461538461538
1 0.421875 0.6322115384615384 0.009615384615384616 0.007211538461538462
1 0.5168269230769231 0.6947115384615384 0.013221153846153846 0.014423076923076924
1 0.34134615384615385 0.5276442307692307 0.020432692307692308 0.013221153846153846
1 0.3894230769230769 0.5432692307692307 0.010817307692307692 0.010817307692307692
1 0.37740384615384615 0.5432692307692307 0.009615384615384616 0.006009615384615385
1 0.38100961538461536 0.5504807692307693 0.009615384615384616 0.007211538461538462
1 0.37259615384615385 0.546875 0.01201923076923077 0.007211538461538462
1 0.3737980769230769 0.5552884615384616 0.007211538461538462 0.008413461538461538
1 0.36778846153846156 0.5540865384615384 0.006009615384615385 0.006009615384615385
1 0.36177884615384615 0.546875 0.009615384615384616 0.007211538461538462
1 0.3581730769230769 0.5540865384615384 0.01201923076923077 0.006009615384615385
1 0.41346153846153844 0.5576923076923077 0.008413461538461538 0.009615384615384616
1 0.421875 0.5576923076923077 0.010817307692307692 0.009615384615384616
1 0.43509615384615385 0.5552884615384616 0.013221153846153846 0.007211538461538462
1 0.4387019230769231 0.5649038461538461 0.010817307692307692 0.010817307692307692
1 0.4675480769230769 0.5853365384615384 0.013221153846153846 0.009615384615384616
1 0.49278846153846156 0.5625 0.018028846153846152 0.009615384615384616
1 0.5168269230769231 0.5769230769230769 0.016826923076923076 0.010817307692307692
1 0.5204326923076923 0.5949519230769231 0.015625 0.013221153846153846
1 0.40384615384615385 0.8930288461538461 0.010817307692307692 0.010817307692307692
1 0.40384615384615385 0.9086538461538461 0.010817307692307692 0.008413461538461538
1 0.44711538461538464 0.9074519230769231 0.013221153846153846 0.007211538461538462
1 0.4675480769230769 0.9050480769230769 0.010817307692307692 0.009615384615384616
1 0.4807692307692308 0.9038461538461539 0.010817307692307692 0.007211538461538462
1 0.5276442307692307 0.8990384615384616 0.021634615384615384 0.010817307692307692
1 0.5396634615384616 0.8064903846153846 0.01201923076923077 0.010817307692307692
1 0.5432692307692307 0.7752403846153846 0.013221153846153846 0.013221153846153846
1 0.5528846153846154 0.8930288461538461 0.01201923076923077 0.007211538461538462
1 0.5637019230769231 0.8930288461538461 0.010817307692307692 0.007211538461538462
1 0.5721153846153846 0.8846153846153846 0.010817307692307692 0.009615384615384616
1 0.5865384615384616 0.8894230769230769 0.018028846153846152 0.010817307692307692
1 0.5829326923076923 0.8401442307692307 0.009615384615384616 0.006009615384615385
1 0.6262019230769231 0.8245192307692307 0.014423076923076924 0.009615384615384616
1 0.6454326923076923 0.875 0.02403846153846154 0.01201923076923077
1 0.6213942307692307 0.8076923076923077 0.015625 0.013221153846153846
1 0.6682692307692307 0.8100961538461539 0.018028846153846152 0.013221153846153846
1 0.6490384615384616 0.6538461538461539 0.014423076923076924 0.010817307692307692
1 0.6802884615384616 0.6598557692307693 0.015625 0.008413461538461538
1 0.7211538461538461 0.5480769230769231 0.015625 0.008413461538461538
1 0.7223557692307693 0.5564903846153846 0.01201923076923077 0.007211538461538462
1 0.7632211538461539 0.6887019230769231 0.019230769230769232 0.013221153846153846
1 0.7560096153846154 0.7115384615384616 0.018028846153846152 0.010817307692307692
1 0.8329326923076923 0.6754807692307693 0.02403846153846154 0.010817307692307692
1 0.8004807692307693 0.6382211538461539 0.016826923076923076 0.015625
1 0.7391826923076923 0.7776442307692307 0.018028846153846152 0.009615384615384616
1 0.8040865384615384 0.8052884615384616 0.016826923076923076 0.010817307692307692
1 0.8040865384615384 0.8197115384615384 0.01201923076923077 0.009615384615384616
1 0.8004807692307693 0.8605769230769231 0.015625 0.008413461538461538
1 0.6995192307692307 0.7524038461538461 0.009615384615384616 0.007211538461538462
1 0.6995192307692307 0.7596153846153846 0.009615384615384616 0.007211538461538462
1 0.6923076923076923 0.7572115384615384 0.009615384615384616 0.007211538461538462
1 0.9026442307692307 0.8401442307692307 0.010817307692307692 0.008413461538461538
1 0.9122596153846154 0.8389423076923077 0.008413461538461538 0.007211538461538462
1 0.9206730769230769 0.8389423076923077 0.008413461538461538 0.007211538461538462
1 0.9459134615384616 0.8353365384615384 0.014423076923076924 0.01201923076923077
1 0.9831730769230769 0.8221153846153846 0.010817307692307692 0.009615384615384616
1 0.9651442307692307 0.7800480769230769 0.016826923076923076 0.009615384615384616
1 0.890625 0.7307692307692307 0.015625 0.009615384615384616
1 0.9290865384615384 0.6105769230769231 0.014423076923076924 0.016826923076923076
1 0.9903846153846154 0.47716346153846156 0.009615384615384616 0.010817307692307692
1 0.984375 0.4651442307692308 0.010817307692307692 0.004807692307692308
1 0.9819711538461539 0.4519230769230769 0.010817307692307692 0.008413461538461538
1 0.9807692307692307 0.45913461538461536 0.015625 0.008413461538461538
1 0.9891826923076923 0.4579326923076923 0.008413461538461538 0.008413461538461538
1 0.9939903846153846 0.4495192307692308 0.009615384615384616 0.006009615384615385
1 0.9951923076923077 0.46033653846153844 0.004807692307692308 0.01201923076923077
1 0.296875 0.35697115384615385 0.010817307692307692 0.010817307692307692
1 0.2956730769230769 0.36658653846153844 0.014423076923076924 0.009615384615384616