1 0.40865384615384615 0.3137019230769231 0.016826923076923076 0.020432692307692308
1 0.39663461538461536 0.3173076923076923 0.013221153846153846 0.018028846153846152
1 0.3942307692307692 0.33413461538461536 0.014423076923076924 0.010817307692307692
1 0.48197115384615385 0.30288461538461536 0.015625 0.018028846153846152
1 0.49399038461538464 0.31490384615384615 0.01201923076923077 0.025240384615384616
1 0.49158653846153844 0.2932692307692308 0.010817307692307692 0.015625
1 0.5036057692307693 0.3016826923076923 0.01201923076923077 0.018028846153846152
1 0.5132211538461539 0.28725961538461536 0.014423076923076924 0.013221153846153846
1 0.5685096153846154 0.34975961538461536 0.010817307692307692 0.021634615384615384
1 0.5973557692307693 0.47716346153846156 0.007211538461538462 0.010817307692307692
1 0.5877403846153846 0.4807692307692308 0.01201923076923077 0.016826923076923076
1 0.5889423076923077 0.49759615384615385 0.01201923076923077 0.015625
1 0.09495192307692307 0.9194711538461539 0.010817307692307692 0.009615384615384616
1 0.09134615384615384 0.9915865384615384 0.014423076923076924 0.01201923076923077
1 0.09975961538461539 0.9759615384615384 0.013221153846153846 0.01201923076923077
1 0.0889423076923077 0.9639423076923077 0.009615384615384616 0.009615384615384616
1 0.09735576923076923 0.9579326923076923 0.008413461538461538 0.014423076923076924
1 0.0889423076923077 0.953125 0.008413461538461538 0.009615384615384616
1 0.09134615384615384 0.9399038461538461 0.009615384615384616 0.013221153846153846
1 0.078125 0.6418269230769231 0.010817307692307692 0.020432692307692308
1 0.09495192307692307 0.6189903846153846 0.015625 0.013221153846153846
1 0.09134615384615384 0.4206730769230769 0.01201923076923077 0.015625
1 0.0889423076923077 0.43509615384615385 0.013221153846153846 0.014423076923076924
1 0.08774038461538461 0.2776442307692308 0.010817307692307692 0.018028846153846152
1 0.20432692307692307 0.23798076923076922 0.009615384615384616 0.015625
1 0.19471153846153846 0.24639423076923078 0.013221153846153846 0.015625
1 0.2512019230769231 0.47596153846153844 0.009615384615384616 0.015625
1 0.1778846153846154 0.12139423076923077 0.010817307692307692 0.013221153846153846
1 0.2692307692307692 0.09375 0.014423076923076924 0.01201923076923077
1 0.8497596153846154 0.44591346153846156 0.016826923076923076 0.019230769230769232
1 0.8305288461538461 0.3641826923076923 0.014423076923076924 0.02403846153846154
1 0.8569711538461539 0.3629807692307692 0.015625 0.021634615384615384
1 0.9266826923076923 0.390625 0.015625 0.018028846153846152
1 0.9362980769230769 0.3545673076923077 0.019230769230769232 0.02283653846153846
1 0.9735576923076923 0.37740384615384615 0.021634615384615384 0.038461538461538464
1 0.8882211538461539 0.625 0.016826923076923076 0.021634615384615384
1 0.9050480769230769 0.6382211538461539 0.02283653846153846 0.027644230769230768