1 0.1971153846153846 0.5456730769230769 0.010817307692307692 0.007211538461538462
1 0.20673076923076922 0.5444711538461539 0.01201923076923077 0.008413461538461538
1 0.25841346153846156 0.8677884615384616 0.009615384615384616 0.007211538461538462
1 0.24759615384615385 0.8641826923076923 0.009615384615384616 0.006009615384615385
1 0.25240384615384615 0.859375 0.006009615384615385 0.007211538461538462
1 0.2439903846153846 0.8569711538461539 0.008413461538461538 0.006009615384615385
1 0.25841346153846156 0.8533653846153846 0.009615384615384616 0.009615384615384616
1 0.33774038461538464 0.8762019230769231 0.008413461538461538 0.008413461538461538
1 0.33533653846153844 0.8677884615384616 0.010817307692307692 0.006009615384615385
1 0.3161057692307692 0.8365384615384616 0.01201923076923077 0.010817307692307692
1 0.32211538461538464 0.8413461538461539 0.009615384615384616 0.006009615384615385
1 0.2644230769230769 0.7079326923076923 0.008413461538461538 0.008413461538461538
1 0.2644230769230769 0.7139423076923077 0.010817307692307692 0.007211538461538462
1 0.25600961538461536 0.7079326923076923 0.009615384615384616 0.006009615384615385
1 0.328125 0.7223557692307693 0.010817307692307692 0.007211538461538462
1 0.3173076923076923 0.7163461538461539 0.009615384615384616 0.008413461538461538
1 0.3269230769230769 0.7115384615384616 0.01201923076923077 0.009615384615384616
1 0.33774038461538464 0.6911057692307693 0.009615384615384616 0.009615384615384616
1 0.328125 0.6875 0.007211538461538462 0.009615384615384616
1 0.33413461538461536 0.6850961538461539 0.013221153846153846 0.007211538461538462
1 0.45552884615384615 0.6706730769230769 0.016826923076923076 0.014423076923076924
1 0.3545673076923077 0.6670673076923077 0.010817307692307692 0.009615384615384616
1 0.24879807692307693 0.7872596153846154 0.007211538461538462 0.006009615384615385
1 0.25240384615384615 0.7932692307692307 0.009615384615384616 0.006009615384615385
1 0.4891826923076923 0.6935096153846154 0.015625 0.010817307692307692
1 0.13701923076923078 0.7247596153846154 0.01201923076923077 0.007211538461538462
1 0.13942307692307693 0.71875 0.010817307692307692 0.007211538461538462
1 0.14783653846153846 0.7151442307692307 0.010817307692307692 0.007211538461538462
1 0.13822115384615385 0.7127403846153846 0.006009615384615385 0.006009615384615385
1 0.12980769230769232 0.71875 0.006009615384615385 0.007211538461538462
1 0.12740384615384615 0.7271634615384616 0.007211538461538462 0.007211538461538462
1 0.1346153846153846 0.7319711538461539 0.008413461538461538 0.004807692307692308
1 0.1466346153846154 0.7271634615384616 0.007211538461538462 0.006009615384615385
1 0.15264423076923078 0.7331730769230769 0.007211538461538462 0.004807692307692308
1 0.14182692307692307 0.734375 0.006009615384615385 0.007211538461538462
1 0.17067307692307693 0.6875 0.010817307692307692 0.006009615384615385
1 0.15985576923076922 0.6875 0.008413461538461538 0.006009615384615385
1 0.16466346153846154 0.6947115384615384 0.009615384615384616 0.006009615384615385
1 0.15264423076923078 0.6899038461538461 0.007211538461538462 0.004807692307692308
1 0.15504807692307693 0.6971153846153846 0.006009615384615385 0.006009615384615385
1 0.16105769230769232 0.7019230769230769 0.007211538461538462 0.007211538461538462
1 0.16346153846153846 0.7067307692307693 0.009615384615384616 0.004807692307692308
1 0.15264423076923078 0.7043269230769231 0.006009615384615385 0.006009615384615385
1 0.16346153846153846 0.6802884615384616 0.008413461538461538 0.004807692307692308
1 0.23918269230769232 0.7848557692307693 0.008413461538461538 0.004807692307692308
1 0.21995192307692307 0.7920673076923077 0.008413461538461538 0.004807692307692308
1 0.2247596153846154 0.7872596153846154 0.009615384615384616 0.006009615384615385
1 0.23197115384615385 0.7836538461538461 0.009615384615384616 0.007211538461538462
1 0.24158653846153846 0.7932692307692307 0.006009615384615385 0.006009615384615385
1 0.23076923076923078 0.7908653846153846 0.006009615384615385 0.006009615384615385
1 0.234375 0.796875 0.004807692307692308 0.003605769230769231
1 0.2283653846153846 0.796875 0.006009615384615385 0.006009615384615385
1 0.21995192307692307 0.7992788461538461 0.008413461538461538 0.006009615384615385
1 0.21033653846153846 0.796875 0.007211538461538462 0.006009615384615385
1 0.2091346153846154 0.7896634615384616 0.009615384615384616 0.008413461538461538
1 0.21514423076923078 0.7836538461538461 0.007211538461538462 0.007211538461538462
1 0.6370192307692307 0.9927884615384616 0.015625 0.009615384615384616
1 0.6490384615384616 0.9831730769230769 0.009615384615384616 0.008413461538461538
1 0.6646634615384616 0.9831730769230769 0.009615384615384616 0.007211538461538462
1 0.6947115384615384 0.96875 0.013221153846153846 0.009615384615384616
1 0.7055288461538461 0.9603365384615384 0.008413461538461538 0.01201923076923077
1 0.7175480769230769 0.9555288461538461 0.009615384615384616 0.009615384615384616
1 0.7608173076923077 0.9338942307692307 0.007211538461538462 0.007211538461538462
1 0.765625 0.9278846153846154 0.007211538461538462 0.009615384615384616
1 0.7728365384615384 0.9242788461538461 0.006009615384615385 0.008413461538461538
1 0.78125 0.9206730769230769 0.009615384615384616 0.009615384615384616
1 0.7932692307692307 0.9146634615384616 0.007211538461538462 0.010817307692307692
1 0.8004807692307693 0.9086538461538461 0.007211538461538462 0.01201923076923077
1 0.640625 0.8653846153846154 0.015625 0.010817307692307692
1 0.6334134615384616 0.8365384615384616 0.02403846153846154 0.009615384615384616
1 0.640625 0.8209134615384616 0.013221153846153846 0.013221153846153846
1 0.6670673076923077 0.7980769230769231 0.02283653846153846 0.021634615384615384
1 0.6862980769230769 0.7872596153846154 0.015625 0.015625
1 0.7680288461538461 0.7307692307692307 0.013221153846153846 0.014423076923076924
1 0.6081730769230769 0.7548076923076923 0.018028846153846152 0.010817307692307692
1 0.6141826923076923 0.8040865384615384 0.014423076923076924 0.010817307692307692
1 0.8653846153846154 0.7235576923076923 0.014423076923076924 0.010817307692307692
1 0.8497596153846154 0.7103365384615384 0.010817307692307692 0.007211538461538462
1 0.8461538461538461 0.7175480769230769 0.01201923076923077 0.009615384615384616
1 0.8918269230769231 0.6814903846153846 0.018028846153846152 0.01201923076923077
1 0.90625 0.6911057692307693 0.008413461538461538 0.008413461538461538
1 0.8978365384615384 0.6947115384615384 0.008413461538461538 0.008413461538461538
1 0.5709134615384616 0.6947115384615384 0.016826923076923076 0.01201923076923077
1 0.5637019230769231 0.7043269230769231 0.01201923076923077 0.008413461538461538
1 0.7620192307692307 0.6598557692307693 0.007211538461538462 0.003605769230769231
1 0.7572115384615384 0.6550480769230769 0.014423076923076924 0.007211538461538462
1 0.7548076923076923 0.6466346153846154 0.013221153846153846 0.010817307692307692
1 0.9435096153846154 0.5901442307692307 0.016826923076923076 0.018028846153846152