1 0.5048076923076923 0.3076923076923077 0.014423076923076924 0.009615384615384616
1 0.4699519230769231 0.33533653846153844 0.015625 0.01201923076923077
1 0.5685096153846154 0.31009615384615385 0.015625 0.013221153846153846
1 0.5132211538461539 0.3473557692307692 0.020432692307692308 0.01201923076923077
1 0.42427884615384615 0.3942307692307692 0.014423076923076924 0.009615384615384616
1 0.42427884615384615 0.4050480769230769 0.013221153846153846 0.007211538461538462
1 0.46634615384615385 0.41346153846153844 0.01201923076923077 0.010817307692307692
1 0.4735576923076923 0.4206730769230769 0.009615384615384616 0.007211538461538462
1 0.5120192307692307 0.38461538461538464 0.014423076923076924 0.007211538461538462
1 0.5144230769230769 0.3762019230769231 0.01201923076923077 0.009615384615384616
1 0.5456730769230769 0.3605769230769231 0.014423076923076924 0.008413461538461538
1 0.5576923076923077 0.3581730769230769 0.009615384615384616 0.009615384615384616
1 0.5733173076923077 0.35697115384615385 0.01201923076923077 0.008413461538461538
1 0.5420673076923077 0.33653846153846156 0.006009615384615385 0.004807692307692308
1 0.5504807692307693 0.3389423076923077 0.013221153846153846 0.010817307692307692
1 0.5408653846153846 0.3269230769230769 0.010817307692307692 0.008413461538461538
1 0.53125 0.3329326923076923 0.009615384615384616 0.008413461538461538
1 0.625 0.3401442307692308 0.016826923076923076 0.014423076923076924
1 0.5961538461538461 0.3762019230769231 0.015625 0.018028846153846152
1 0.59375 0.43149038461538464 0.015625 0.015625
1 0.5661057692307693 0.4543269230769231 0.009615384615384616 0.008413461538461538
1 0.5084134615384616 0.4375 0.018028846153846152 0.009615384615384616
1 0.5949519230769231 0.4675480769230769 0.013221153846153846 0.007211538461538462
1 0.5733173076923077 0.4891826923076923 0.01201923076923077 0.008413461538461538
1 0.5769230769230769 0.4951923076923077 0.010817307692307692 0.004807692307692308
1 0.5564903846153846 0.5048076923076923 0.008413461538461538 0.009615384615384616
1 0.5540865384615384 0.5132211538461539 0.009615384615384616 0.007211538461538462
1 0.6382211538461539 0.4987980769230769 0.010817307692307692 0.010817307692307692
1 0.5685096153846154 0.5168269230769231 0.013221153846153846 0.007211538461538462
1 0.5673076923076923 0.5228365384615384 0.008413461538461538 0.004807692307692308
1 0.5733173076923077 0.5264423076923077 0.009615384615384616 0.007211538461538462
1 0.5649038461538461 0.5276442307692307 0.007211538461538462 0.007211538461538462
1 0.5685096153846154 0.5324519230769231 0.010817307692307692 0.007211538461538462
1 0.5685096153846154 0.5372596153846154 0.006009615384615385 0.006009615384615385
1 0.5733173076923077 0.5432692307692307 0.010817307692307692 0.007211538461538462
1 0.5805288461538461 0.5480769230769231 0.009615384615384616 0.007211538461538462
1 0.5649038461538461 0.5625 0.014423076923076924 0.010817307692307692
1 0.5504807692307693 0.5709134615384616 0.015625 0.009615384615384616
1 0.5348557692307693 0.609375 0.016826923076923076 0.013221153846153846
1 0.47596153846153844 0.6622596153846154 0.013221153846153846 0.008413461538461538
1 0.46153846153846156 0.6742788461538461 0.010817307692307692 0.009615384615384616
1 0.5120192307692307 0.6730769230769231 0.009615384615384616 0.007211538461538462
1 0.5348557692307693 0.6850961538461539 0.010817307692307692 0.009615384615384616
1 0.5456730769230769 0.6826923076923077 0.01201923076923077 0.008413461538461538
1 0.5576923076923077 0.6634615384615384 0.010817307692307692 0.008413461538461538
1 0.5516826923076923 0.6526442307692307 0.013221153846153846 0.009615384615384616
1 0.5997596153846154 0.6430288461538461 0.010817307692307692 0.006009615384615385
1 0.5985576923076923 0.6225961538461539 0.015625 0.010817307692307692
1 0.6237980769230769 0.5841346153846154 0.015625 0.009615384615384616
1 0.6009615384615384 0.5757211538461539 0.019230769230769232 0.013221153846153846
1 0.65625 0.5600961538461539 0.019230769230769232 0.013221153846153846
1 0.6995192307692307 0.5348557692307693 0.02283653846153846 0.015625
1 0.6490384615384616 0.7211538461538461 0.019230769230769232 0.010817307692307692
1 0.6286057692307693 0.7019230769230769 0.007211538461538462 0.007211538461538462
1 0.6382211538461539 0.7043269230769231 0.010817307692307692 0.007211538461538462
1 0.6658653846153846 0.7007211538461539 0.010817307692307692 0.008413461538461538
1 0.6634615384615384 0.6887019230769231 0.009615384615384616 0.008413461538461538
1 0.6526442307692307 0.6899038461538461 0.009615384615384616 0.009615384615384616
1 0.7019230769230769 0.6899038461538461 0.013221153846153846 0.008413461538461538
1 0.6935096153846154 0.6983173076923077 0.009615384615384616 0.008413461538461538
1 0.7439903846153846 0.6598557692307693 0.016826923076923076 0.01201923076923077
1 0.7247596153846154 0.6358173076923077 0.01201923076923077 0.010817307692307692
1 0.7115384615384616 0.6466346153846154 0.013221153846153846 0.007211538461538462
1 0.6947115384615384 0.6598557692307693 0.008413461538461538 0.009615384615384616
1 0.7560096153846154 0.6334134615384616 0.008413461538461538 0.009615384615384616
1 0.7596153846153846 0.609375 0.018028846153846152 0.008413461538461538
1 0.7487980769230769 0.5721153846153846 0.01201923076923077 0.009615384615384616
1 0.7536057692307693 0.5625 0.009615384615384616 0.007211538461538462
1 0.7367788461538461 0.5625 0.009615384615384616 0.008413461538461538
1 0.7307692307692307 0.5564903846153846 0.009615384615384616 0.009615384615384616
1 0.7223557692307693 0.6021634615384616 0.01201923076923077 0.006009615384615385
1 0.7139423076923077 0.5985576923076923 0.007211538461538462 0.007211538461538462
1 0.7103365384615384 0.6021634615384616 0.010817307692307692 0.007211538461538462
1 0.7163461538461539 0.6057692307692307 0.004807692307692308 0.006009615384615385
1 0.6850961538461539 0.6550480769230769 0.008413461538461538 0.007211538461538462
1 0.6766826923076923 0.65625 0.008413461538461538 0.007211538461538462
1 0.6754807692307693 0.6490384615384616 0.007211538461538462 0.006009615384615385
1 0.6682692307692307 0.6538461538461539 0.007211538461538462 0.008413461538461538
1 0.6610576923076923 0.6502403846153846 0.008413461538461538 0.004807692307692308
1 0.6682692307692307 0.6454326923076923 0.009615384615384616 0.007211538461538462
1 0.6694711538461539 0.6394230769230769 0.01201923076923077 0.007211538461538462
1 0.6622596153846154 0.6442307692307693 0.009615384615384616 0.008413461538461538
1 0.6550480769230769 0.6490384615384616 0.007211538461538462 0.007211538461538462
1 0.6490384615384616 0.6598557692307693 0.010817307692307692 0.009615384615384616
1 0.6274038461538461 0.6490384615384616 0.015625 0.009615384615384616
1 0.6225961538461539 0.6586538461538461 0.008413461538461538 0.007211538461538462
1 0.6346153846153846 0.6538461538461539 0.010817307692307692 0.006009615384615385
1 0.6382211538461539 0.6598557692307693 0.008413461538461538 0.007211538461538462
1 0.6382211538461539 0.6658653846153846 0.008413461538461538 0.008413461538461538
1 0.6322115384615384 0.6622596153846154 0.008413461538461538 0.009615384615384616
1 0.7475961538461539 0.49759615384615385 0.009615384615384616 0.007211538461538462
1 0.7391826923076923 0.4987980769230769 0.007211538461538462 0.007211538461538462
1 0.7319711538461539 0.4987980769230769 0.006009615384615385 0.004807692307692308
1 0.7572115384615384 0.4495192307692308 0.016826923076923076 0.01201923076923077
1 0.7403846153846154 0.3894230769230769 0.010817307692307692 0.009615384615384616
1 0.7319711538461539 0.3870192307692308 0.009615384615384616 0.006009615384615385
1 0.7271634615384616 0.38221153846153844 0.010817307692307692 0.01201923076923077
1 0.7295673076923077 0.41466346153846156 0.009615384615384616 0.007211538461538462
1 0.7259615384615384 0.4026442307692308 0.009615384615384616 0.007211538461538462
1 0.7139423076923077 0.4014423076923077 0.009615384615384616 0.006009615384615385
1 0.71875 0.40865384615384615 0.007211538461538462 0.004807692307692308
1 0.7247596153846154 0.4098557692307692 0.008413461538461538 0.008413461538461538
1 0.71875 0.41466346153846156 0.007211538461538462 0.007211538461538462
1 0.7103365384615384 0.4110576923076923 0.009615384615384616 0.006009615384615385
1 0.7115384615384616 0.4170673076923077 0.009615384615384616 0.007211538461538462
1 0.703125 0.41346153846153844 0.010817307692307692 0.007211538461538462
1 0.6947115384615384 0.41225961538461536 0.007211538461538462 0.003605769230769231
1 0.6646634615384616 0.39302884615384615 0.013221153846153846 0.008413461538461538
1 0.6478365384615384 0.41346153846153844 0.013221153846153846 0.009615384615384616
1 0.6370192307692307 0.41586538461538464 0.009615384615384616 0.013221153846153846
1 0.6262019230769231 0.41346153846153844 0.009615384615384616 0.010817307692307692
1 0.6730769230769231 0.4411057692307692 0.010817307692307692 0.009615384615384616
1 0.6790865384615384 0.45072115384615385 0.008413461538461538 0.007211538461538462
1 0.6826923076923077 0.44471153846153844 0.007211538461538462 0.007211538461538462
1 0.671875 0.47115384615384615 0.009615384615384616 0.009615384615384616
1 0.6646634615384616 0.4639423076923077 0.010817307692307692 0.004807692307692308
1 0.6394230769230769 0.4495192307692308 0.009615384615384616 0.008413461538461538
1 0.6454326923076923 0.4567307692307692 0.008413461538461538 0.007211538461538462
1 0.6382211538461539 0.45913461538461536 0.007211538461538462 0.006009615384615385
1 0.6346153846153846 0.46634615384615385 0.008413461538461538 0.009615384615384616
1 0.6274038461538461 0.4579326923076923 0.010817307692307692 0.007211538461538462
1 0.6165865384615384 0.4567307692307692 0.009615384615384616 0.008413461538461538
1 0.6237980769230769 0.4675480769230769 0.007211538461538462 0.010817307692307692
1 0.8028846153846154 0.48197115384615385 0.016826923076923076 0.009615384615384616
1 0.796875 0.48677884615384615 0.009615384615384616 0.009615384615384616
1 0.7896634615384616 0.49038461538461536 0.008413461538461538 0.008413461538461538
1 0.7884615384615384 0.4963942307692308 0.010817307692307692 0.008413461538461538
1 0.7824519230769231 0.4987980769230769 0.007211538461538462 0.007211538461538462
1 0.7824519230769231 0.49278846153846156 0.009615384615384616 0.004807692307692308
1 0.78125 0.48677884615384615 0.009615384615384616 0.008413461538461538
1 0.7896634615384616 0.5036057692307693 0.007211538461538462 0.006009615384615385
1 0.796875 0.49399038461538464 0.009615384615384616 0.006009615384615385
1 0.7956730769230769 0.5 0.008413461538461538 0.006009615384615385
1 0.7944711538461539 0.5060096153846154 0.007211538461538462 0.006009615384615385
1 0.7608173076923077 0.5612980769230769 0.006009615384615385 0.010817307692307692
1 0.7848557692307693 0.5480769230769231 0.013221153846153846 0.008413461538461538
1 0.7644230769230769 0.6310096153846154 0.01201923076923077 0.007211538461538462
1 0.7596153846153846 0.6382211538461539 0.009615384615384616 0.007211538461538462
1 0.7932692307692307 0.6382211538461539 0.009615384615384616 0.008413461538461538
1 0.7992788461538461 0.6430288461538461 0.007211538461538462 0.008413461538461538
1 0.7860576923076923 0.6442307692307693 0.010817307692307692 0.010817307692307692
1 0.8149038461538461 0.6346153846153846 0.014423076923076924 0.009615384615384616