1 0.6838942307692307 0.44711538461538464 0.016826923076923076 0.016826923076923076
1 0.7824519230769231 0.46634615384615385 0.013221153846153846 0.016826923076923076
1 0.7163461538461539 0.6370192307692307 0.020432692307692308 0.02283653846153846
1 0.703125 0.8016826923076923 0.008413461538461538 0.013221153846153846
1 0.33653846153846156 0.10817307692307693 0.008413461538461538 0.010817307692307692
1 0.36538461538461536 0.15144230769230768 0.010817307692307692 0.013221153846153846
1 0.31850961538461536 0.1045673076923077 0.009615384615384616 0.01201923076923077
1 0.24519230769230768 0.07572115384615384 0.007211538461538462 0.009615384615384616
1 0.23798076923076922 0.08173076923076923 0.006009615384615385 0.01201923076923077
1 0.19471153846153846 0.0625 0.010817307692307692 0.007211538461538462
1 0.23677884615384615 0.16466346153846154 0.008413461538461538 0.01201923076923077
1 0.28365384615384615 0.15985576923076922 0.009615384615384616 0.014423076923076924
1 0.1971153846153846 0.17668269230769232 0.015625 0.015625
1 0.1658653846153846 0.5841346153846154 0.018028846153846152 0.020432692307692308
1 0.15865384615384615 0.6286057692307693 0.015625 0.018028846153846152
1 0.18389423076923078 0.9567307692307693 0.014423076923076924 0.018028846153846152