1 0.7403846153846154 0.018028846153846152 0.015625 0.019230769230769232
1 0.7247596153846154 0.016826923076923076 0.015625 0.019230769230769232
1 0.7067307692307693 0.046875 0.018028846153846152 0.021634615384615384
1 0.71875 0.06490384615384616 0.015625 0.020432692307692308
1 0.6538461538461539 0.09014423076923077 0.013221153846153846 0.020432692307692308
1 0.6394230769230769 0.08413461538461539 0.015625 0.016826923076923076
1 0.6418269230769231 0.10336538461538461 0.016826923076923076 0.020432692307692308
1 0.6274038461538461 0.11057692307692307 0.01201923076923077 0.018028846153846152
1 0.6394230769230769 0.125 0.014423076923076924 0.018028846153846152
1 0.6911057692307693 0.22115384615384615 0.016826923076923076 0.021634615384615384
1 0.6923076923076923 0.20192307692307693 0.015625 0.019230769230769232
1 0.7079326923076923 0.1971153846153846 0.015625 0.019230769230769232
1 0.734375 0.26802884615384615 0.015625 0.018028846153846152
1 0.7223557692307693 0.27884615384615385 0.013221153846153846 0.018028846153846152
1 0.7367788461538461 0.28846153846153844 0.014423076923076924 0.020432692307692308
1 0.6033653846153846 0.37259615384615385 0.015625 0.020432692307692308
1 0.6189903846153846 0.3798076923076923 0.013221153846153846 0.02403846153846154
1 0.6141826923076923 0.4026442307692308 0.01201923076923077 0.02283653846153846
1 0.5985576923076923 0.3942307692307692 0.018028846153846152 0.018028846153846152
1 0.6033653846153846 0.41586538461538464 0.013221153846153846 0.019230769230769232
1 0.5913461538461539 0.40865384615384615 0.010817307692307692 0.013221153846153846
1 0.8689903846153846 0.2764423076923077 0.01201923076923077 0.016826923076923076
1 0.8545673076923077 0.2764423076923077 0.016826923076923076 0.020432692307692308
1 0.8485576923076923 0.2920673076923077 0.014423076923076924 0.016826923076923076
1 0.8641826923076923 0.29447115384615385 0.013221153846153846 0.016826923076923076
1 0.8389423076923077 0.30649038461538464 0.013221153846153846 0.018028846153846152
1 0.8545673076923077 0.31009615384615385 0.015625 0.016826923076923076
1 0.8665865384615384 0.3112980769230769 0.009615384615384616 0.014423076923076924
1 0.8413461538461539 0.3233173076923077 0.015625 0.016826923076923076
1 0.8581730769230769 0.3293269230769231 0.015625 0.015625
1 0.8473557692307693 0.3401442307692308 0.014423076923076924 0.018028846153846152
1 0.8317307692307693 0.3401442307692308 0.01201923076923077 0.016826923076923076
1 0.8605769230769231 0.3449519230769231 0.013221153846153846 0.018028846153846152
1 0.8509615384615384 0.359375 0.013221153846153846 0.019230769230769232
1 0.8365384615384616 0.3545673076923077 0.013221153846153846 0.018028846153846152
1 0.8161057692307693 0.41225961538461536 0.013221153846153846 0.016826923076923076
1 0.8305288461538461 0.4098557692307692 0.014423076923076924 0.016826923076923076
1 0.8233173076923077 0.42908653846153844 0.014423076923076924 0.018028846153846152
1 0.8389423076923077 0.42788461538461536 0.014423076923076924 0.016826923076923076
1 0.8293269230769231 0.44471153846153844 0.016826923076923076 0.015625
1 0.84375 0.44591346153846156 0.013221153846153846 0.018028846153846152
1 0.8521634615384616 0.43149038461538464 0.010817307692307692 0.016826923076923076
1 0.8677884615384616 0.4326923076923077 0.018028846153846152 0.018028846153846152
1 0.8581730769230769 0.4519230769230769 0.014423076923076924 0.019230769230769232
1 0.8677884615384616 0.4639423076923077 0.01201923076923077 0.015625
1 0.875 0.44591346153846156 0.013221153846153846 0.018028846153846152
1 0.8786057692307693 0.4855769230769231 0.018028846153846152 0.020432692307692308
1 0.8798076923076923 0.4651442307692308 0.014423076923076924 0.019230769230769232
1 0.890625 0.4543269230769231 0.015625 0.015625
1 0.9014423076923077 0.4423076923076923 0.013221153846153846 0.016826923076923076
1 0.9038461538461539 0.46274038461538464 0.013221153846153846 0.019230769230769232
1 0.8942307692307693 0.4735576923076923 0.01201923076923077 0.016826923076923076
1 0.8942307692307693 0.49158653846153844 0.016826923076923076 0.019230769230769232
1 0.9074519230769231 0.4807692307692308 0.014423076923076924 0.015625
1 0.5949519230769231 0.6706730769230769 0.015625 0.02403846153846154
1 0.4579326923076923 0.6574519230769231 0.020432692307692308 0.020432692307692308
1 0.45913461538461536 0.6778846153846154 0.018028846153846152 0.015625
1 0.5396634615384616 0.7319711538461539 0.014423076923076924 0.02283653846153846
1 0.5528846153846154 0.7355769230769231 0.009615384615384616 0.018028846153846152
1 0.5612980769230769 0.7223557692307693 0.014423076923076924 0.020432692307692308
1 0.5829326923076923 0.7307692307692307 0.013221153846153846 0.016826923076923076
1 0.5649038461538461 0.7439903846153846 0.013221153846153846 0.016826923076923076
1 0.5048076923076923 0.7680288461538461 0.010817307692307692 0.015625
1 0.484375 0.7728365384615384 0.013221153846153846 0.015625
1 0.5 0.9543269230769231 0.016826923076923076 0.019230769230769232
1 0.49278846153846156 0.9759615384615384 0.02283653846153846 0.021634615384615384
1 0.12740384615384615 0.007211538461538462 0.016826923076923076 0.014423076923076924