1 0.23677884615384615 0.16105769230769232 0.015625 0.02283653846153846
1 0.23317307692307693 0.33052884615384615 0.016826923076923076 0.02283653846153846
1 0.265625 0.30528846153846156 0.016826923076923076 0.020432692307692308
1 0.19951923076923078 0.5841346153846154 0.014423076923076924 0.02403846153846154
1 0.2091346153846154 0.5721153846153846 0.01201923076923077 0.018028846153846152
1 0.2800480769230769 0.6129807692307693 0.016826923076923076 0.02283653846153846
1 0.29086538461538464 0.6033653846153846 0.014423076923076924 0.015625
1 0.2932692307692308 0.6225961538461539 0.015625 0.02283653846153846
1 0.3112980769230769 0.6610576923076923 0.018028846153846152 0.02283653846153846
1 0.7103365384615384 0.9314903846153846 0.01201923076923077 0.02283653846153846
1 0.6935096153846154 0.9411057692307693 0.019230769230769232 0.021634615384615384
1 0.7115384615384616 0.9543269230769231 0.014423076923076924 0.018028846153846152
1 0.6995192307692307 0.9591346153846154 0.014423076923076924 0.019230769230769232
1 0.7091346153846154 0.9711538461538461 0.014423076923076924 0.018028846153846152
1 0.6959134615384616 0.9795673076923077 0.013221153846153846 0.021634615384615384
1 0.7788461538461539 0.7572115384615384 0.015625 0.018028846153846152
1 0.7704326923076923 0.7391826923076923 0.016826923076923076 0.018028846153846152
1 0.7848557692307693 0.7295673076923077 0.014423076923076924 0.018028846153846152
1 0.7235576923076923 0.6574519230769231 0.013221153846153846 0.018028846153846152
1 0.7079326923076923 0.6574519230769231 0.01201923076923077 0.020432692307692308
1 0.7151442307692307 0.6754807692307693 0.014423076923076924 0.014423076923076924
1 0.7055288461538461 0.6814903846153846 0.014423076923076924 0.019230769230769232
1 0.7199519230769231 0.6935096153846154 0.013221153846153846 0.015625
1 0.7644230769230769 0.5973557692307693 0.015625 0.020432692307692308
1 0.7632211538461539 0.6153846153846154 0.014423076923076924 0.015625
1 0.7908653846153846 0.6358173076923077 0.015625 0.016826923076923076
1 0.7956730769230769 0.6189903846153846 0.015625 0.019230769230769232
1 0.8485576923076923 0.5132211538461539 0.016826923076923076 0.02283653846153846
1 0.8269230769230769 0.8125 0.015625 0.021634615384615384
1 0.8413461538461539 0.8016826923076923 0.014423076923076924 0.018028846153846152
1 0.8269230769230769 0.7908653846153846 0.01201923076923077 0.015625
1 0.9459134615384616 0.8209134615384616 0.016826923076923076 0.019230769230769232
1 0.9591346153846154 0.8209134615384616 0.013221153846153846 0.019230769230769232
1 0.9375 0.8377403846153846 0.015625 0.016826923076923076
1 0.9519230769230769 0.8401442307692307 0.013221153846153846 0.018028846153846152
1 0.9435096153846154 0.8581730769230769 0.014423076923076924 0.015625
1 0.9290865384615384 0.8545673076923077 0.01201923076923077 0.016826923076923076
1 0.9567307692307693 0.8581730769230769 0.009615384615384616 0.014423076923076924
1 0.9471153846153846 0.8762019230769231 0.014423076923076924 0.014423076923076924
1 0.9314903846153846 0.8713942307692307 0.014423076923076924 0.016826923076923076
1 0.9362980769230769 0.8870192307692307 0.013221153846153846 0.018028846153846152
1 0.9206730769230769 0.8846153846153846 0.01201923076923077 0.019230769230769232
1 0.9266826923076923 0.9038461538461539 0.013221153846153846 0.015625
1 0.9507211538461539 0.8918269230769231 0.010817307692307692 0.020432692307692308
1 0.9399038461538461 0.9086538461538461 0.014423076923076924 0.020432692307692308
1 0.9230769230769231 0.9603365384615384 0.016826923076923076 0.020432692307692308
1 0.9387019230769231 0.9603365384615384 0.013221153846153846 0.015625
1 0.9314903846153846 0.9795673076923077 0.013221153846153846 0.016826923076923076
1 0.9483173076923077 0.9795673076923077 0.013221153846153846 0.018028846153846152
1 0.9375 0.9915865384615384 0.014423076923076924 0.01201923076923077
1 0.9519230769230769 0.9939903846153846 0.019230769230769232 0.007211538461538462
1 0.9627403846153846 0.9807692307692307 0.010817307692307692 0.014423076923076924
1 0.9759615384615384 0.984375 0.014423076923076924 0.019230769230769232
1 0.9699519230769231 0.9951923076923077 0.016826923076923076 0.004807692307692308