1 0.47475961538461536 0.3329326923076923 0.015625 0.009615384615384616
1 0.5072115384615384 0.30649038461538464 0.021634615384615384 0.013221153846153846
1 0.5709134615384616 0.3076923076923077 0.015625 0.010817307692307692
1 0.6322115384615384 0.34134615384615385 0.019230769230769232 0.014423076923076924
1 0.5444711538461539 0.32572115384615385 0.010817307692307692 0.007211538461538462
1 0.5372596153846154 0.33052884615384615 0.01201923076923077 0.008413461538461538
1 0.546875 0.33653846153846156 0.008413461538461538 0.008413461538461538
1 0.5552884615384616 0.3401442307692308 0.010817307692307692 0.008413461538461538
1 0.5180288461538461 0.3473557692307692 0.01201923076923077 0.010817307692307692
1 0.5504807692307693 0.35697115384615385 0.010817307692307692 0.008413461538461538
1 0.5600961538461539 0.3557692307692308 0.008413461538461538 0.008413461538461538
1 0.5769230769230769 0.3545673076923077 0.014423076923076924 0.006009615384615385
1 0.5997596153846154 0.3762019230769231 0.014423076923076924 0.010817307692307692
1 0.515625 0.375 0.014423076923076924 0.009615384615384616
1 0.5180288461538461 0.38461538461538464 0.013221153846153846 0.009615384615384616
1 0.42788461538461536 0.3942307692307692 0.010817307692307692 0.009615384615384616
1 0.42427884615384615 0.4050480769230769 0.018028846153846152 0.010817307692307692
1 0.4723557692307692 0.4110576923076923 0.013221153846153846 0.01201923076923077
1 0.4807692307692308 0.4230769230769231 0.014423076923076924 0.010817307692307692
1 0.515625 0.43509615384615385 0.019230769230769232 0.014423076923076924
1 0.5709134615384616 0.4519230769230769 0.01201923076923077 0.009615384615384616
1 0.5949519230769231 0.43149038461538464 0.021634615384615384 0.010817307692307692
1 0.6009615384615384 0.4651442307692308 0.016826923076923076 0.016826923076923076
1 0.640625 0.5012019230769231 0.019230769230769232 0.014423076923076924
1 0.6598557692307693 0.5564903846153846 0.01201923076923077 0.010817307692307692
1 0.7019230769230769 0.5336538461538461 0.01201923076923077 0.010817307692307692
1 0.6274038461538461 0.5877403846153846 0.020432692307692308 0.014423076923076924
1 0.6021634615384616 0.5757211538461539 0.016826923076923076 0.013221153846153846
1 0.6081730769230769 0.6262019230769231 0.021634615384615384 0.016826923076923076
1 0.6045673076923077 0.6454326923076923 0.014423076923076924 0.009615384615384616
1 0.5444711538461539 0.6141826923076923 0.021634615384615384 0.010817307692307692
1 0.5564903846153846 0.5697115384615384 0.015625 0.010817307692307692
1 0.5697115384615384 0.5637019230769231 0.016826923076923076 0.01201923076923077
1 0.48197115384615385 0.6622596153846154 0.016826923076923076 0.009615384615384616
1 0.4651442307692308 0.6742788461538461 0.014423076923076924 0.013221153846153846
1 0.5132211538461539 0.6742788461538461 0.019230769230769232 0.010817307692307692
1 0.5528846153846154 0.6538461538461539 0.015625 0.010817307692307692
1 0.5612980769230769 0.6658653846153846 0.014423076923076924 0.013221153846153846
1 0.546875 0.6850961538461539 0.013221153846153846 0.010817307692307692
1 0.5372596153846154 0.6875 0.01201923076923077 0.009615384615384616
1 0.6526442307692307 0.7259615384615384 0.01201923076923077 0.013221153846153846
1 0.6730769230769231 0.7043269230769231 0.014423076923076924 0.008413461538461538
1 0.6971153846153846 0.6983173076923077 0.013221153846153846 0.010817307692307692
1 0.703125 0.6899038461538461 0.009615384615384616 0.010817307692307692
1 0.6670673076923077 0.6899038461538461 0.01201923076923077 0.009615384615384616
1 0.6550480769230769 0.6911057692307693 0.010817307692307692 0.013221153846153846
1 0.6418269230769231 0.7043269230769231 0.010817307692307692 0.01201923076923077
1 0.6298076923076923 0.7055288461538461 0.009615384615384616 0.006009615384615385
1 0.7463942307692307 0.6598557692307693 0.010817307692307692 0.010817307692307692
1 0.7283653846153846 0.6370192307692307 0.015625 0.009615384615384616
1 0.7163461538461539 0.6490384615384616 0.013221153846153846 0.009615384615384616
1 0.6995192307692307 0.6610576923076923 0.010817307692307692 0.009615384615384616
1 0.7512019230769231 0.5757211538461539 0.013221153846153846 0.009615384615384616
1 0.7548076923076923 0.5637019230769231 0.013221153846153846 0.010817307692307692
1 0.7439903846153846 0.5649038461538461 0.009615384615384616 0.008413461538461538
1 0.7355769230769231 0.5576923076923077 0.010817307692307692 0.006009615384615385
1 0.7524038461538461 0.49759615384615385 0.010817307692307692 0.008413461538461538
1 0.7439903846153846 0.4987980769230769 0.013221153846153846 0.009615384615384616
1 0.7355769230769231 0.4987980769230769 0.007211538461538462 0.006009615384615385
1 0.7572115384615384 0.44711538461538464 0.009615384615384616 0.006009615384615385
1 0.6538461538461539 0.6622596153846154 0.008413461538461538 0.007211538461538462
1 0.6442307692307693 0.6610576923076923 0.006009615384615385 0.008413461538461538
1 0.6442307692307693 0.6694711538461539 0.007211538461538462 0.004807692307692308
1 0.6346153846153846 0.6634615384615384 0.008413461538461538 0.006009615384615385
1 0.6382211538461539 0.6574519230769231 0.008413461538461538 0.006009615384615385
1 0.6310096153846154 0.6526442307692307 0.009615384615384616 0.006009615384615385
1 0.6298076923076923 0.6598557692307693 0.007211538461538462 0.006009615384615385
1 0.6887019230769231 0.6586538461538461 0.006009615384615385 0.004807692307692308
1 0.6826923076923077 0.6574519230769231 0.007211538461538462 0.007211538461538462
1 0.6802884615384616 0.6502403846153846 0.009615384615384616 0.006009615384615385
1 0.6742788461538461 0.65625 0.007211538461538462 0.007211538461538462
1 0.6670673076923077 0.6514423076923077 0.007211538461538462 0.006009615384615385
1 0.671875 0.6478365384615384 0.006009615384615385 0.008413461538461538
1 0.671875 0.6418269230769231 0.007211538461538462 0.008413461538461538
1 0.6646634615384616 0.6466346153846154 0.007211538461538462 0.004807692307692308
1 0.6610576923076923 0.6502403846153846 0.009615384615384616 0.004807692307692308
1 0.71875 0.5985576923076923 0.007211538461538462 0.007211538461538462
1 0.7271634615384616 0.6021634615384616 0.008413461538461538 0.007211538461538462
1 0.7115384615384616 0.6033653846153846 0.007211538461538462 0.008413461538461538
1 0.7199519230769231 0.6069711538461539 0.006009615384615385 0.007211538461538462
1 0.5829326923076923 0.5480769230769231 0.008413461538461538 0.007211538461538462
1 0.5745192307692307 0.5444711538461539 0.008413461538461538 0.007211538461538462
1 0.5733173076923077 0.5372596153846154 0.014423076923076924 0.006009615384615385
1 0.5697115384615384 0.5324519230769231 0.006009615384615385 0.006009615384615385
1 0.5685096153846154 0.5288461538461539 0.010817307692307692 0.007211538461538462
1 0.5793269230769231 0.5288461538461539 0.010817307692307692 0.008413461538461538
1 0.5721153846153846 0.5240384615384616 0.008413461538461538 0.006009615384615385
1 0.5697115384615384 0.5168269230769231 0.010817307692307692 0.003605769230769231
1 0.5612980769230769 0.5144230769230769 0.009615384615384616 0.008413461538461538
1 0.5612980769230769 0.5036057692307693 0.010817307692307692 0.009615384615384616
1 0.5769230769230769 0.4891826923076923 0.01201923076923077 0.006009615384615385
1 0.5805288461538461 0.4963942307692308 0.010817307692307692 0.008413461538461538
1 0.6670673076923077 0.39302884615384615 0.008413461538461538 0.008413461538461538
1 0.6526442307692307 0.41466346153846156 0.008413461538461538 0.008413461538461538
1 0.6418269230769231 0.41586538461538464 0.008413461538461538 0.008413461538461538
1 0.6334134615384616 0.41346153846153844 0.01201923076923077 0.010817307692307692
1 0.6478365384615384 0.45072115384615385 0.010817307692307692 0.006009615384615385
1 0.6502403846153846 0.4567307692307692 0.007211538461538462 0.006009615384615385
1 0.6418269230769231 0.4579326923076923 0.007211538461538462 0.004807692307692308
1 0.6394230769230769 0.4651442307692308 0.007211538461538462 0.007211538461538462
1 0.6334134615384616 0.4579326923076923 0.009615384615384616 0.006009615384615385
1 0.6274038461538461 0.45913461538461536 0.008413461538461538 0.008413461538461538
1 0.6322115384615384 0.46634615384615385 0.006009615384615385 0.007211538461538462
1 0.6694711538461539 0.4639423076923077 0.010817307692307692 0.004807692307692308
1 0.6754807692307693 0.4699519230769231 0.008413461538461538 0.007211538461538462
1 0.6911057692307693 0.44471153846153844 0.007211538461538462 0.006009615384615385
1 0.6802884615384616 0.44350961538461536 0.008413461538461538 0.004807692307692308
1 0.6850961538461539 0.4495192307692308 0.009615384615384616 0.006009615384615385
1 0.7451923076923077 0.3858173076923077 0.009615384615384616 0.009615384615384616
1 0.7367788461538461 0.38822115384615385 0.008413461538461538 0.007211538461538462
1 0.7319711538461539 0.38341346153846156 0.008413461538461538 0.009615384615384616
1 0.7223557692307693 0.4074519230769231 0.009615384615384616 0.004807692307692308
1 0.7211538461538461 0.4014423076923077 0.007211538461538462 0.006009615384615385
1 0.7307692307692307 0.4014423076923077 0.007211538461538462 0.004807692307692308
1 0.7295673076923077 0.40865384615384615 0.007211538461538462 0.003605769230769231
1 0.7175480769230769 0.4110576923076923 0.006009615384615385 0.006009615384615385
1 0.7247596153846154 0.41346153846153844 0.007211538461538462 0.006009615384615385
1 0.734375 0.41346153846153844 0.009615384615384616 0.006009615384615385
1 0.7175480769230769 0.4170673076923077 0.007211538461538462 0.004807692307692308
1 0.7115384615384616 0.41346153846153844 0.009615384615384616 0.008413461538461538
1 0.703125 0.4110576923076923 0.008413461538461538 0.008413461538461538