1 0.2091346153846154 0.6923076923076923 0.01201923076923077 0.010817307692307692
1 0.1658653846153846 0.6899038461538461 0.007211538461538462 0.014423076923076924
1 0.20432692307692307 0.6442307692307693 0.004807692307692308 0.014423076923076924
1 0.18509615384615385 0.546875 0.008413461538461538 0.008413461538461538
1 0.18389423076923078 0.5384615384615384 0.007211538461538462 0.010817307692307692
1 0.23197115384615385 0.4807692307692308 0.007211538461538462 0.010817307692307692
1 0.22596153846153846 0.46875 0.007211538461538462 0.007211538461538462
1 0.23317307692307693 0.421875 0.01201923076923077 0.013221153846153846
1 0.45552884615384615 0.06971153846153846 0.015625 0.014423076923076924
1 0.49399038461538464 0.03365384615384615 0.009615384615384616 0.010817307692307692
1 0.4735576923076923 0.7391826923076923 0.010817307692307692 0.01201923076923077
1 0.4387019230769231 0.7331730769230769 0.010817307692307692 0.014423076923076924
1 0.5961538461538461 0.0673076923076923 0.018028846153846152 0.025240384615384616
1 0.6983173076923077 0.7079326923076923 0.014423076923076924 0.015625