1 0.23918269230769232 0.1310096153846154 0.006009615384615385 0.009615384615384616
1 0.23197115384615385 0.13221153846153846 0.006009615384615385 0.009615384615384616
1 0.12139423076923077 0.7596153846153846 0.010817307692307692 0.014423076923076924
1 0.11778846153846154 0.8185096153846154 0.008413461538461538 0.009615384615384616
1 0.12139423076923077 0.8473557692307693 0.007211538461538462 0.013221153846153846
1 0.06610576923076923 0.9038461538461539 0.01201923076923077 0.009615384615384616
1 0.06490384615384616 0.9122596153846154 0.007211538461538462 0.01201923076923077
1 0.30288461538461536 0.12980769230769232 0.007211538461538462 0.010817307692307692
1 0.31009615384615385 0.12740384615384615 0.007211538461538462 0.006009615384615385
1 0.3629807692307692 0.33774038461538464 0.01201923076923077 0.014423076923076924
1 0.4050480769230769 0.30408653846153844 0.016826923076923076 0.021634615384615384
1 0.43990384615384615 0.1502403846153846 0.01201923076923077 0.013221153846153846
1 0.4795673076923077 0.14182692307692307 0.008413461538461538 0.013221153846153846
1 0.4723557692307692 0.12860576923076922 0.009615384615384616 0.015625
1 0.48197115384615385 0.12980769230769232 0.006009615384615385 0.008413461538461538
1 0.5048076923076923 0.12620192307692307 0.008413461538461538 0.010817307692307692
1 0.5228365384615384 0.15745192307692307 0.007211538461538462 0.009615384615384616
1 0.5300480769230769 0.16346153846153846 0.008413461538461538 0.010817307692307692
1 0.5300480769230769 0.19471153846153846 0.014423076923076924 0.013221153846153846
1 0.6526442307692307 0.22115384615384615 0.01201923076923077 0.019230769230769232
1 0.6598557692307693 0.11177884615384616 0.01201923076923077 0.010817307692307692
1 0.6574519230769231 0.09735576923076923 0.01201923076923077 0.009615384615384616
1 0.8100961538461539 0.08653846153846154 0.008413461538461538 0.010817307692307692
1 0.8088942307692307 0.09615384615384616 0.008413461538461538 0.009615384615384616
1 0.8052884615384616 0.13221153846153846 0.010817307692307692 0.014423076923076924
1 0.8112980769230769 0.1502403846153846 0.016826923076923076 0.016826923076923076
1 0.828125 0.08653846153846154 0.010817307692307692 0.01201923076923077
1 0.8353365384615384 0.09615384615384616 0.01201923076923077 0.009615384615384616
1 0.8545673076923077 0.06850961538461539 0.004807692307692308 0.008413461538461538
1 0.8605769230769231 0.07211538461538461 0.006009615384615385 0.009615384615384616
1 0.8605769230769231 0.06009615384615385 0.007211538461538462 0.009615384615384616
1 0.8834134615384616 0.051682692307692304 0.006009615384615385 0.01201923076923077
1 0.8798076923076923 0.007211538461538462 0.010817307692307692 0.013221153846153846
1 0.8954326923076923 0.037259615384615384 0.010817307692307692 0.01201923076923077
1 0.9230769230769231 0.06850961538461539 0.009615384615384616 0.016826923076923076
1 0.9326923076923077 0.1141826923076923 0.007211538461538462 0.010817307692307692
1 0.9362980769230769 0.10817307692307693 0.007211538461538462 0.009615384615384616
1 0.9338942307692307 0.09495192307692307 0.009615384615384616 0.010817307692307692
1 0.9423076923076923 0.08413461538461539 0.009615384615384616 0.009615384615384616
1 0.9435096153846154 0.09375 0.009615384615384616 0.006009615384615385
1 0.9459134615384616 0.09975961538461539 0.008413461538461538 0.008413461538461538
1 0.9471153846153846 0.109375 0.007211538461538462 0.010817307692307692
1 0.9411057692307693 0.1141826923076923 0.007211538461538462 0.009615384615384616
1 0.9495192307692307 0.12860576923076922 0.008413461538461538 0.013221153846153846
1 0.9435096153846154 0.16947115384615385 0.008413461538461538 0.009615384615384616
1 0.9579326923076923 0.17307692307692307 0.008413461538461538 0.010817307692307692
1 0.9603365384615384 0.18389423076923078 0.007211538461538462 0.009615384615384616
1 0.9615384615384616 0.19230769230769232 0.004807692307692308 0.009615384615384616
1 0.9639423076923077 0.19831730769230768 0.007211538461538462 0.01201923076923077
1 0.9651442307692307 0.20793269230769232 0.007211538461538462 0.009615384615384616
1 0.9663461538461539 0.21875 0.008413461538461538 0.01201923076923077
1 0.96875 0.22596153846153846 0.009615384615384616 0.009615384615384616
1 0.96875 0.23317307692307693 0.007211538461538462 0.010817307692307692
1 0.9711538461538461 0.24278846153846154 0.008413461538461538 0.013221153846153846
1 0.9735576923076923 0.2512019230769231 0.008413461538461538 0.010817307692307692
1 0.9723557692307693 0.2608173076923077 0.008413461538461538 0.009615384615384616
1 0.9759615384615384 0.27524038461538464 0.007211538461538462 0.009615384615384616
1 0.9855769230769231 0.30649038461538464 0.010817307692307692 0.013221153846153846
1 0.9579326923076923 0.2824519230769231 0.018028846153846152 0.016826923076923076
1 0.9362980769230769 0.22716346153846154 0.010817307692307692 0.015625
1 0.9290865384615384 0.2692307692307692 0.016826923076923076 0.018028846153846152
1 0.9014423076923077 0.23798076923076922 0.008413461538461538 0.008413461538461538
1 0.8942307692307693 0.23918269230769232 0.009615384615384616 0.009615384615384616
1 0.8894230769230769 0.24519230769230768 0.007211538461538462 0.007211538461538462
1 0.8978365384615384 0.24519230769230768 0.007211538461538462 0.009615384615384616
1 0.8918269230769231 0.2536057692307692 0.007211538461538462 0.009615384615384616
1 0.8365384615384616 0.19230769230769232 0.01201923076923077 0.008413461538461538
1 0.8737980769230769 0.27524038461538464 0.018028846153846152 0.018028846153846152
1 0.921875 0.3076923076923077 0.013221153846153846 0.013221153846153846
1 0.859375 0.3233173076923077 0.010817307692307692 0.016826923076923076
1 0.8329326923076923 0.33653846153846156 0.006009615384615385 0.01201923076923077
1 0.9603365384615384 0.4338942307692308 0.010817307692307692 0.013221153846153846
1 0.7992788461538461 0.109375 0.007211538461538462 0.010817307692307692