0 0.24639423076923078 0.23076923076923078 0.2980769230769231 0.3605769230769231
0 0.40865384615384615 0.19471153846153846 0.17067307692307693 0.35697115384615385
0 0.6658653846153846 0.12139423076923077 0.38822115384615385 0.16706730769230768
0 0.5973557692307693 0.2091346153846154 0.4495192307692308 0.21634615384615385
0 0.8822115384615384 0.36538461538461536 0.21634615384615385 0.1875
0 0.6141826923076923 0.4326923076923077 0.36778846153846156 0.2704326923076923
0 0.6478365384615384 0.5733173076923077 0.48197115384615385 0.2548076923076923
0 0.4495192307692308 0.515625 0.4206730769230769 0.3161057692307692
0 0.46274038461538464 0.7367788461538461 0.40384615384615385 0.3425480769230769
0 0.24639423076923078 0.5480769230769231 0.18269230769230768 0.5036057692307693
0 0.31009615384615385 0.8245192307692307 0.5228365384615384 0.3317307692307692